100 500
30 58 9 43
29 95 9 15
67 30 9 14
67 6 16 9
6 66 9 48
41 61 13 13
56 92 9 41
43 3 3 13
81 55 20 24
48 98 1 57
35 93 17 35
50 21 18 26
59 27 2 54
33 57 7 2
95 70 15 10
93 35 12 53
21 82 15 53
54 78 8 56
29 55 9 16
21 54 8 41
22 28 10 27
64 23 16 19
48 44 1 45
62 98 1 16
43 63 16 26
18 49 13 27
98 41 13 8
11 1 2 17
86 32 16 30
58 33 17 10
55 85 10 4
90 98 4 35
41 34 12 57
48 6 7 20
22 71 7 51
15 73 3 8
75 66 17 24
40 93 16 55
25 40 2 36
12 31 18 33
79 4 9 51
52 16 16 24
28 97 15 56
92 22 14 43
100 55 1 35
61 24 15 31
70 24 3 30
18 36 13 33
80 44 9 8
50 10 2 42
77 98 4 44
41 26 12 16
56 76 16 8
96 23 11 52
33 95 3 61
80 39 16 32
89 39 7 37
82 56 19 38
7 1 2 43
43 77 1 21
90 71 5 8
37 95 2 40
62 40 5 58
43 71 7 28
93 98 3 57
69 98 5 32
26 80 7 36
33 25 19 34
79 5 14 29
13 94 8 17
72 2 17 11
40 6 10 26
1 56 19 3
53 78 5 47
4 14 2 35
26 1 13 15
29 93 6 53
52 76 3 49
54 32 10 32
59 64 2 9
36 32 6 58
59 78 20 50
89 81 2 61
69 83 12 43
69 66 3 11
80 60 10 13
50 12 8 21
6 64 6 46
6 49 10 34
46 54 10 59
62 8 6 54
26 74 17 23
21 42 1 47
45 92 3 45
62 55 4 18
90 99 19 16
70 27 9 61
14 35 8 46
57 22 1 61
89 86 15 31
97 33 17 45
78 59 11 46
76 32 16 46
41 16 14 45
42 92 8 32
7 67 5 27
67 10 18 11
51 42 4 26
90 28 14 34
73 63 15 37
77 53 8 21
4 36 2 60
5 19 9 13
22 66 4 63
86 62 11 57
64 54 9 21
45 80 9 34
88 79 10 52
6 6 5 52
42 70 3 31
69 47 7 61
79 84 20 18
94 4 6 19
84 55 19 38
92 41 5 39
59 97 14 23
6 91 10 23
99 41 19 10
35 89 1 37
8 55 10 8
38 8 3 29
87 95 6 58
56 5 15 46
99 25 6 57
16 58 20 21
27 34 9 1
36 93 5 2
15 19 4 16
100 26 16 32
81 67 4 50
95 64 5 40
47 9 17 21
44 17 11 27
75 49 19 56
50 24 5 59
6 36 12 33
53 35 4 38
60 44 8 51
85 43 6 45
57 3 6 47
14 72 9 19
65 69 17 10
44 81 6 41
66 54 18 7
22 2 17 48
83 34 19 60
43 39 3 62
89 71 4 34
97 58 18 4
84 94 13 15
18 39 11 36
51 44 4 18
86 10 3 31
71 74 9 26
32 99 3 44
37 94 11 21
33 16 8 37
42 29 3 14
30 45 14 3
75 3 6 17
31 24 8 26
36 28 2 60
63 70 14 1
38 80 5 49
70 36 13 11
83 44 12 39
84 25 10 2
75 10 15 22
95 83 15 31
10 17 7 46
4 48 8 16
52 62 1 50
2 98 17 61
29 20 19 7
27 90 14 52
13 56 12 11
84 39 2 24
28 79 18 48
50 2 17 56
68 47 18 48
18 20 2 33
3 38 9 18
65 41 19 27
28 39 16 57
61 13 9 27
40 40 10 28
57 23 2 58
76 51 4 24
87 55 16 3
54 76 4 24
22 29 20 23
47 63 17 43
61 71 14 44
30 92 19 27
75 79 11 7
51 52 8 12
14 48 14 33
7 26 3 7
75 28 17 23
52 24 8 53
12 63 17 62
85 7 16 33
52 80 11 24
67 86 5 26
7 37 18 39
1 48 15 54
49 17 17 39
97 95 10 18
62 3 13 61
92 89 4 1
86 37 9 18
1 93 14 26
27 60 9 46
23 27 8 36
79 17 20 38
75 65 3 33
24 37 6 62
11 19 2 23
18 92 19 30
42 68 1 24
62 91 8 56
57 25 1 34
41 80 20 22
63 88 18 44
32 20 13 25
29 94 12 63
4 52 12 13
89 29 19 22
64 99 10 37
87 32 19 35
11 87 3 16
19 30 16 22
4 27 1 18
7 9 15 54
74 41 2 32
23 92 10 56
96 47 13 3
22 12 1 40
26 42 2 37
7 65 13 23
38 47 11 24
62 46 11 27
41 36 3 54
87 74 12 55
38 65 8 6
84 100 5 33
82 67 18 33
99 24 11 23
8 40 1 41
97 86 4 23
18 21 11 63
56 96 20 26
45 14 17 2
65 19 10 32
36 51 14 14
1 74 20 50
83 18 14 22
8 64 16 27
48 81 16 36
66 38 13 42
86 41 3 18
44 23 7 48
86 49 15 40
46 56 18 4
74 36 11 1
40 42 12 3
87 5 5 51
83 11 5 40
27 64 12 61
5 82 10 52
49 50 6 28
77 27 9 31
95 24 12 47
28 16 4 53
16 83 20 24
92 84 1 6
15 26 18 38
47 59 15 49
95 3 1 49
8 95 15 37
65 83 14 47
69 8 8 52
22 13 1 19
57 34 1 53
94 1 3 16
57 56 15 3
78 42 2 55
41 29 3 34
41 67 11 33
47 14 12 16
44 53 12 57
21 27 9 1
89 69 11 43
68 70 7 45
71 90 6 34
31 13 16 61
23 66 12 17
45 33 16 41
58 26 3 22
89 61 14 24
25 49 16 6
85 78 16 46
75 29 4 13
26 29 7 47
14 87 12 56
50 72 19 54
8 2 1 14
80 35 12 35
42 51 7 18
53 87 17 22
17 45 14 39
34 11 14 26
29 43 8 10
65 57 20 26
93 59 9 39
3 23 19 9
92 73 5 5
46 15 19 55
86 9 8 51
85 71 13 42
81 54 16 19
68 51 6 37
59 90 10 43
82 92 12 9
99 18 8 36
89 42 16 51
63 74 14 43
100 68 16 50
81 43 20 34
38 36 20 53
57 1 9 54
48 68 2 53
4 46 5 55
31 64 20 8
21 62 17 29
90 57 18 48
29 100 12 19
21 16 9 17
92 35 11 45
9 4 1 61
87 75 16 62
54 54 6 55
42 45 20 8
3 36 18 3
77 19 5 3
85 91 17 6
69 11 7 52
66 94 17 16
1 41 7 31
53 2 8 28
28 80 2 52
93 10 14 19
11 60 10 17
70 66 4 39
55 32 2 7
74 99 16 50
96 11 10 49
74 78 11 47
35 10 11 52
83 32 20 18
58 2 11 36
48 96 3 37
8 86 7 8
17 50 14 48
100 89 20 24
17 67 9 47
11 54 18 24
27 73 2 37
30 22 1 34
28 29 5 3
50 38 11 20
5 86 9 60
70 43 15 32
73 62 10 60
88 58 16 44
72 9 2 18
3 5 2 48
90 15 8 39
21 88 17 28
98 84 14 8
62 26 20 13
79 35 15 10
63 6 18 47
54 74 20 22
34 48 5 57
46 61 13 62
47 30 14 8
42 21 10 16
62 54 1 63
68 46 2 8
17 69 17 10
32 84 16 24
20 12 5 23
4 3 11 3
38 37 7 42
57 24 6 54
87 82 20 62
52 6 4 3
76 66 17 60
61 51 14 43
71 32 11 55
95 33 15 46
44 50 16 39
91 13 7 33
51 14 19 55
17 29 9 50
17 66 16 17
70 55 9 46
38 50 18 3
88 39 19 33
41 97 6 27
43 94 19 4
76 58 13 42
9 97 19 58
7 69 17 27
88 17 12 2
6 83 5 38
51 76 5 8
100 52 13 41
14 57 16 55
43 95 1 60
58 23 14 11
60 37 8 15
40 52 6 42
9 22 16 59
83 92 9 28
44 98 9 63
72 56 9 38
69 33 6 63
77 34 5 25
98 4 8 55
94 91 7 54
72 92 10 59
71 81 19 30
61 59 1 57
30 64 14 31
46 51 5 57
24 7 12 47
3 40 6 19
94 20 7 14
73 27 20 10
19 79 11 63
14 5 14 56
21 38 18 57
89 13 3 32
98 50 2 15
22 92 3 61
31 29 1 46
34 76 7 51
37 38 18 30
58 14 2 45
73 93 13 35
54 100 14 45
60 68 6 51
90 64 20 45
47 15 7 56
49 19 16 8
91 61 15 11
33 86 14 18
30 6 9 42
6 61 10 45
19 75 13 27
33 64 5 27
10 16 5 3
16 47 8 23
35 99 9 61
65 4 16 32
44 47 4 49
34 49 15 23
47 54 15 33
24 62 4 61
28 75 12 15
43 65 4 4
46 39 6 57
50 69 11 62
75 70 20 36
1 76 7 7
6 82 12 36
87 6 18 16
59 15 9 51
99 86 2 13
75 22 6 30
29 42 3 41
74 28 7 37
89 87 11 40
48 37 17 12
86 88 14 55
49 72 13 39
1 3 20 4
86 63 16 12