3600 18000
1206 2765 6 40
727 2686 3 22
1612 2478 3 38
2943 3177 16 40
2347 3582 20 50
3176 2999 14 43
541 25 4 47
2636 724 6 30
300 647 9 32
391 1024 17 10
1514 1289 3 2
572 1436 1 20
1196 540 10 23
3101 914 14 45
1654 1377 16 20
1468 1243 9 57
2658 2267 8 56
2913 3189 4 6
2508 793 7 54
742 171 8 59
2395 2780 16 28
3419 2112 18 46
1168 1790 19 21
2573 2837 19 6
1139 1027 20 17
391 880 10 20
2367 335 10 44
101 2881 6 18
2366 1146 5 8
3451 2797 6 5
3551 503 1 46
2718 1911 3 8
3303 818 14 7
864 3242 9 29
2412 908 19 31
3333 1389 17 7
2657 3057 6 33
2238 1019 1 54
722 1757 18 23
2249 599 9 8
2900 993 17 5
2935 1757 4 61
1831 97 13 59
82 2622 4 47
531 1728 15 22
351 116 1 25
1679 421 14 56
1191 953 15 40
841 329 13 36
1788 1927 5 39
1067 1265 20 29
1616 137 14 53
2437 921 15 14
2531 407 19 13
1877 2118 19 39
327 3516 4 20
917 305 6 47
3554 3292 20 7
3033 22 2 57
2621 3347 2 29
1693 776 2 38
2526 2973 19 61
845 458 19 20
747 3158 14 57
1805 3125 6 27
1160 2393 4 17
1048 484 18 22
1633 1214 7 62
381 2127 4 46
546 712 14 47
1265 1862 10 53
1278 290 17 21
451 857 3 57
121 1292 3 32
720 342 3 36
1369 1683 5 4
67 2192 4 18
995 2150 14 47
2284 2423 18 34
327 2220 6 33
273 9 3 37
2174 3081 7 35
2536 890 12 11
80 1704 9 59
1474 2034 16 29
772 331 14 16
2691 1223 9 40
2993 2903 6 49
2937 2421 18 20
2649 1692 14 56
3002 1401 8 37
133 1566 18 23
1727 2647 11 20
302 2023 20 11
521 3549 17 48
3132 2950 12 1
758 909 18 49
323 2936 18 34
3444 1135 13 42
2957 3340 20 18
1510 3263 1 7
2996 3301 14 46
869 1228 8 2
319 286 7 41
520 2993 2 48
1798 1531 14 41
57 3130 18 57
1787 593 2 18
2243 521 14 25
980 874 5 19
1079 326 15 8
1647 666 14 24
1049 2240 19 57
354 1525 13 14
2154 457 3 16
1214 2648 10 23
1989 44 16 63
2381 57 7 27
2854 3218 17 39
761 3061 6 4
461 1925 18 15
542 2968 10 57
2656 1588 13 30
238 1778 2 29
3527 2093 2 57
2428 316 3 45
2539 79 7 32
409 3040 13 56
2454 2839 6 34
3104 1335 20 59
1913 2109 10 7
1157 462 3 10
1895 2707 14 35
974 563 20 62
604 3069 16 63
1621 1199 20 25
3040 1948 8 24
2475 2133 15 63
3339 1757 3 59
3571 1792 15 35
3202 1754 17 34
3289 236 5 59
1823 355 18 59
1707 1597 5 59
3022 1533 10 60
2259 3003 17 41
3379 3111 20 62
329 1826 5 6
442 864 3 12
1997 1526 14 29
1728 3443 3 47
1706 2760 9 14
2017 933 6 25
1305 2155 8 47
562 991 15 47
2589 601 11 37
559 1814 17 60
1806 1596 4 59
230 1556 15 55
3338 1293 11 13
867 3077 8 62
3538 1810 18 62
2492 2411 11 24
2945 360 20 45
2718 1547 11 23
1474 2798 19 29
1229 2604 20 57
891 2520 2 39
558 117 13 59
3482 3054 13 9
165 812 5 50
1613 2194 9 52
3302 878 2 61
1396 1754 7 18
1548 2684 16 26
2866 1657 16 30
909 758 2 11
518 1920 7 35
1569 221 11 1
666 206 5 47
3118 1928 2 41
2817 1398 7 30
2664 2032 7 14
2464 352 8 34
3383 1302 11 31
1423 3201 18 12
1816 2240 18 12
146 2842 6 19
194 2768 18 40
249 1603 7 7
2865 578 3 26
905 2775 1 52
899 2868 15 33
2839 1524 16 29
838 2792 5 30
2029 3569 9 21
3403 2165 15 27
549 282 1 62
1255 666 11 38
1206 308 13 40
2368 160 2 38
2284 1244 13 29
857 3170 9 53
2323 3031 11 15
1784 2317 12 26
1034 928 15 16
1077 1901 5 25
3326 1276 1 11
2236 1938 10 48
2682 2449 5 43
2097 2483 5 48
3426 927 9 57
1532 204 16 55
150 772 20 47
320 3060 14 11
2703 1193 19 15
1959 3024 10 23
842 2445 4 18
1616 2699 15 56
724 3340 9 36
3512 2336 12 17
1142 258 17 17
783 1560 12 36
2307 478 8 9
1370 651 1 29
3413 2742 1 24
1631 1302 3 63
822 1656 1 60
3329 2204 1 55
355 178 11 20
1337 3425 17 32
2366 2415 19 62
475 1712 6 30
2173 1540 10 1
1308 1300 14 19
937 1703 9 33
2335 3277 10 9
1128 493 14 61
1358 2865 1 59
2644 3081 18 18
429 672 19 7
3369 2229 5 6
1299 1401 6 37
410 2505 4 23
1131 2970 12 44
2731 1348 6 27
959 2769 19 10
3032 2793 3 27
3206 2900 8 63
3096 1963 6 17
510 3106 3 59
2523 2079 14 56
2025 1687 5 52
698 2361 18 28
1478 1781 11 43
3542 740 19 35
834 1730 13 42
1437 3312 19 6
2360 2693 1 28
3033 968 6 35
1382 2314 15 40
2694 2592 15 10
1489 1315 4 4
2184 1904 10 19
2444 2609 1 57
2946 2602 12 22
1641 2099 15 25
3452 1862 1 22
2233 3103 11 42
2689 3066 11 7
1435 2172 14 37
3180 1639 8 14
694 1974 18 46
2155 693 20 54
3586 2820 6 7
3337 3241 11 2
3404 410 17 11
3315 3567 4 34
2960 826 19 41
1997 385 10 49
487 1457 11 11
2172 1325 12 43
2769 3466 6 14
1288 1236 1 55
170 3300 10 40
2094 2329 8 53
1984 577 18 52
3436 2450 11 26
3520 1725 13 1
1338 1222 18 51
1122 2976 1 14
1015 1687 20 7
860 456 1 44
560 2116 12 34
1799 2707 17 22
1386 587 17 33
1909 1120 15 60
422 2837 10 16
1771 1215 20 26
2871 97 8 36
1178 2983 5 2
3398 3363 14 14
2977 662 20 20
2996 3099 1 41
2285 493 2 15
2303 2897 4 49
743 3462 4 43
2050 2351 11 20
366 2168 3 34
534 683 6 55
3020 3322 8 7
1727 1536 7 25
2244 1774 6 43
1399 60 4 47
3010 253 12 13
187 3133 14 22
150 2423 12 44
309 749 11 24
1399 1870 3 10
1737 1578 8 26
1135 106 15 33
3411 2098 19 18
2924 2837 8 54
2311 312 14 22
3291 3446 8 19
902 3087 10 38
1239 2737 6 16
2506 1711 14 18
2178 757 15 28
1520 1030 3 4
1026 274 19 50
584 3082 3 58
2641 2268 4 5
619 2642 4 41
1100 3407 8 2
2336 372 17 58
1302 993 6 33
89 2999 6 50
2004 2299 7 22
2249 2854 12 27
2460 2215 16 20
1412 2793 17 23
2444 2353 11 32
909 865 12 44
158 1361 10 26
2094 1467 7 6
3407 743 2 59
2657 3408 3 46
1514 2344 16 39
1702 365 20 48
2780 1372 11 47
1281 3072 17 19
2259 3064 12 31
2701 2173 14 26
3363 1529 1 26
1291 2950 2 21
3104 403 1 6
1450 2255 6 14
3595 29 6 3
1863 2090 18 52
3122 2168 13 63
2121 3480 5 45
3477 1212 1 23
1443 3017 1 34
3543 2223 19 21
1036 96 6 49
2995 2901 10 52
24 1314 9 19
2808 542 15 49
116 962 14 59
212 1908 10 48
1863 517 20 44
3180 2899 6 33
2746 522 10 8
3545 3530 2 13
115 2962 14 4
2610 2818 17 47
2202 3077 3 43
2284 2523 5 23
2215 611 9 16
2501 2922 19 20
3268 699 14 56
1759 323 20 22
1605 2806 15 40
22 1923 17 18
3406 1122 16 1
2987 1299 9 31
2862 2324 20 30
881 511 12 35
864 639 16 50
1815 257 14 61
2164 186 20 2
2411 2269 8 54
2715 643 4 61
1710 1342 20 48
3096 1908 13 45
577 1421 20 39
1397 1976 7 63
2013 2869 7 19
1685 937 2 5
74 3441 2 21
59 162 18 60
629 2722 17 61
1632 882 1 9
958 3297 4 28
2711 1285 7 19
1439 1866 10 63
3429 984 15 28
924 1198 17 42
2724 2226 5 18
1294 414 7 36
1817 2561 11 55
1515 3507 6 8
1201 665 20 39
3281 3274 13 45
3595 3041 15 52
2933 2299 17 57
2166 77 8 20
164 1253 5 20
3415 1055 10 53
3186 1694 9 9
707 2421 20 55
3481 1457 5 22
1631 3417 10 21
3441 1241 16 10
689 2024 10 10
12 259 19 1
3329 3079 10 59
2778 2510 7 18
1814 234 2 35
986 945 18 16
1124 3527 9 50
3439 840 16 15
1692 190 15 5
2534 3204 15 4
1870 1742 13 22
2211 2007 2 10
946 3152 5 25
1439 2975 14 28
3283 1431 16 5
147 3427 7 35
1942 595 18 63
1839 1885 2 47
628 401 14 36
3119 604 20 60
1947 1291 10 38
2544 2123 9 3
1098 353 14 52
2551 1687 15 7
1675 3526 2 6
1792 545 1 24
1305 1771 6 61
1836 911 12 43
1902 3105 5 34
3418 841 14 62
2911 2607 19 21
774 465 3 55
2300 971 20 47
1012 1062 19 38
353 3254 7 37
2781 928 6 12
394 1564 7 4
2567 3352 6 8
3280 3139 11 34
710 1260 16 11
2265 1151 3 54
2596 161 13 55
2592 1649 4 26
2761 1192 8 1
1187 385 6 25
1838 1118 15 9
3315 2318 17 20
1804 3587 5 48
77 2682 11 15
1568 1213 11 4
33 2604 3 52
1184 1745 6 26
3306 1584 3 16
2942 666 19 18
1453 488 20 2
1996 1100 10 21
2099 2388 1 29
177 1446 10 63
297 1341 4 14
3131 3356 11 12
3123 1230 16 26
1174 441 14 15
1287 145 16 55
2630 2741 18 47
817 956 4 52
1611 2114 2 13
711 3374 20 9
2689 1207 17 32
3322 1540 3 51
2412 235 7 54
493 509 14 30
147 1767 9 54
1225 1594 9 1
1308 2013 4 15
219 297 3 19
1220 3529 19 55
1536 1703 18 8
641 2805 8 31
3020 1243 3 44
3231 2134 6 7
3159 1894 17 18
3473 3003 3 21
3326 1819 8 63
346 1942 4 29
1566 1356 3 17
1430 3387 4 34
1020 446 17 5
1538 175 14 23
2865 2506 15 35
444 1439 1 57
3420 1193 13 44
607 3047 11 5
1194 588 5 46
1460 1757 17 17
3069 1279 6 29
794 38 2 30
311 3600 16 40
62 1416 3 11
215 1758 13 41
2381 3056 6 39
221 1739 5 45
546 562 19 59
527 2195 14 22
2588 1827 8 26
360 1301 18 49
2798 2790 8 16
1903 1411 1 20
425 2355 10 3
799 265 12 22
1426 358 7 7
3083 3424 15 31
668 3388 1 42
1416 3171 10 46
1168 1931 6 46
2132 164 4 24
885 2080 20 55
3560 474 17 34
1784 1677 10 38
2540 3102 8 61
2307 3326 12 21
2283 791 2 43
1911 3498 9 25
670 551 12 1
2868 2506 13 36
2545 3351 15 18
252 1182 11 47
2025 3149 6 21
384 813 11 31
1949 829 10 25
1664 2986 14 42
889 2746 14 14
888 1389 9 2
2158 3540 6 49
983 3156 9 47
2442 2893 3 37
1386 2522 20 61
1645 1170 9 33
3032 21 13 62
3304 2565 6 2
687 2675 20 44
223 2987 17 16
2706 1670 6 21
1076 1005 8 50
1240 2970 3 16
1149 1392 17 20
974 2287 5 28
2713 427 12 58
2696 1158 9 11
259 1457 17 23
1668 334 1 59
1361 2291 10 61
2062 1743 1 10
2173 2707 11 55
438 3147 19 58
3506 3553 17 59
1753 110 10 36
483 2300 1 47
2403 3049 13 15
3235 7 2 49
1680 3126 15 36
2713 1926 16 30
2630 1873 16 13
2813 638 14 28
1441 2215 18 8
350 809 20 31
3059 913 9 17
1961 3510 4 43
2717 2046 17 46
2175 3168 7 22
1081 974 18 15
1523 1661 1 37
3479 3385 8 31
547 2323 13 22
616 834 8 7
3312 2563 12 49
1243 1155 20 26
3209 2872 13 19
2840 3199 10 15
2235 2530 1 11
3431 592 13 29
654 1592 8 16
2787 526 4 60
1545 2065 5 27
1456 3274 4 19
2091 3432 10 31
2947 1397 11 7
548 1570 14 59
1866 2667 1 36
2521 2454 4 44
1321 2387 7 53
2525 1863 14 55
2861 448 14 13
1186 1400 18 46
1771 1336 10 15
1383 1080 1 34
1314 1467 8 1
843 597 10 51
1083 2612 17 34
997 3219 1 14
253 3234 6 20
1986 3410 7 34
2987 2371 19 39
405 107 3 7
1378 349 5 15
3394 1834 7 59
482 1119 10 31
1292 757 15 37
3314 1198 7 8
2042 1613 10 13
85 1440 17 55
1471 1363 8 22
3556 3465 2 51
1011 2583 12 20
2856 1621 19 33
2932 698 13 15
1160 2055 20 62
846 3278 20 58
493 2040 6 25
39 1461 17 38
1297 69 13 32
3085 2656 11 6
1447 1779 6 63
730 2580 10 4
817 3316 1 17
3125 1940 3 56
1555 1797 8 4
1458 2726 13 1
1038 2532 5 43
2769 218 7 51
287 3246 4 41
1086 3238 8 9
1586 1080 11 44
1352 630 7 48
3225 1429 2 21
1352 831 15 15
613 3387 20 13
1053 2321 11 29
2036 3217 7 13
1205 2317 9 18
1554 2844 13 54
304 1826 13 9
1516 2811 5 8
276 2710 2 14
467 1879 5 27
1470 2129 1 56
2309 1464 12 15
1329 3352 20 28
654 1655 13 47
2786 1146 12 9
356 2219 5 43
731 2755 5 26
624 2709 10 58
2625 347 6 30
245 697 7 42
3105 1227 18 54
1965 1883 2 33
1872 2604 12 16
1492 912 14 40
2195 2581 9 28
2100 1025 14 20
958 437 5 12
2923 279 14 38
3528 1387 7 20
3441 2999 4 26
1896 1242 2 57
3204 789 15 4
1612 3488 16 25
2261 2821 1 14
1729 454 7 13
3551 3302 15 21
484 533 2 9
230 1273 5 4
1341 2243 10 10
2595 1720 17 6
2844 582 4 10
2697 946 4 25
3574 858 2 54
1164 332 16 22
130 2065 7 12
381 768 9 57
2798 1821 19 11
3434 335 10 4
2168 2543 14 39
2075 63 16 31
1049 1757 10 23
745 3527 7 30
3313 2824 16 56
2191 895 6 52
2668 2559 3 63
1062 437 12 1
592 2897 5 22
391 3029 13 53
3151 3200 14 39
2833 236 9 26
2263 1094 20 31
444 177 18 62
2984 3111 6 51
3410 28 7 60
3387 493 17 63
2446 583 14 63
1331 2171 18 23
1625 400 14 14
3595 3487 14 48
1562 2475 9 49
3038 2747 7 48
1105 2355 10 20
2877 1677 13 18
670 1932 20 4
3435 3027 14 1
2413 1342 2 48
12 1764 4 6
843 2488 14 52
1595 1742 11 55
2405 1120 19 53
459 1381 17 49
2059 2098 13 40
2789 2975 2 57
68 252 5 37
1854 60 12 15
829 2834 10 2
1935 2673 10 43
1215 2494 7 40
3209 2749 19 28
2783 808 17 50
662 571 16 6
1822 1770 8 35
3489 125 3 17
3056 1537 4 38
3318 2674 13 45
1329 2893 15 27
3492 3089 16 19
1705 1211 7 52
1176 2490 5 59
2077 2122 18 3
2800 3062 20 10
273 2331 14 17
1698 1776 13 1
146 1345 15 22
2369 1472 2 8
1826 1854 11 27
1047 199 7 3
2942 1091 9 6
48 3398 9 36
2398 2079 11 39
2958 582 3 55
1950 1794 16 1
2783 1715 1 36
3291 1077 1 13
1973 2689 10 59
948 1449 16 54
2646 1422 17 51
1558 2229 17 27
2162 1616 20 5
2907 847 20 9
1521 2716 7 35
1205 1381 17 49
3196 983 7 22
2544 2552 2 20
3485 113 2 24
3354 1798 11 16
3583 2070 14 49
1366 1445 10 49
170 3012 11 39
2453 2498 20 36
1274 1959 18 15
221 1294 11 31
1219 3355 6 57
1436 2513 9 29
2249 2577 5 50
2907 42 6 9
1639 1528 1 46
2965 202 7 61
600 1465 16 10
476 2156 3 9
3146 3307 14 25
1638 3296 5 31
3224 3398 19 48
2910 2745 13 14
80 1299 16 39
747 2927 10 20
1237 1704 19 54
2044 3098 14 16
476 623 20 57
2925 2785 20 56
181 3330 16 44
300 2290 11 5
2903 1278 9 45
554 2926 19 25
2116 1306 12 26
1248 2637 9 9
3234 1428 18 31
2301 943 3 34
2056 2262 18 36
3070 637 7 20
1673 2216 5 61
279 1852 6 22
625 438 20 29
382 1978 11 27
1671 681 1 43
1209 650 1 48
775 120 1 3
1667 248 2 63
3124 562 17 56
487 255 20 11
946 854 17 49
3122 3226 8 31
1358 2434 6 46
76 1002 6 58
1403 1044 16 50
348 3388 16 20
1673 2081 10 2
2600 918 8 32
868 1420 10 1
158 3443 13 42
1556 660 10 30
1465 2019 1 15
708 297 4 2
2128 1491 5 27
1897 829 4 2
1553 3527 14 15
2179 1306 13 14
3027 3465 5 53
216 467 13 37
3062 2324 14 33
2621 1286 20 30
505 2956 14 28
1408 1877 19 47
3226 2360 1 38
1061 395 4 43
1007 2845 12 20
1331 3332 12 43
1735 3514 5 31
575 1951 7 59
762 579 11 61
1302 1784 17 52
1850 2556 12 46
1039 717 6 35
1126 2209 4 16
3224 2810 10 26
1890 1278 13 27
924 3197 7 49
2877 657 20 4
2431 2861 17 14
62 3595 11 63
1689 559 15 15
902 1825 11 30
514 833 3 51
1754 1065 6 55
1341 1080 5 43
621 1295 7 1
2119 3101 13 31
2165 18 5 33
2620 955 14 61
2163 757 2 6
3147 3549 19 26
2778 2312 19 48
3447 3247 10 36
1458 158 1 10
2087 352 19 24
731 2151 6 41
1709 1475 5 48
1319 1863 6 37
751 1238 10 46
1107 2619 5 2
821 1171 8 50
2676 1425 1 37
350 746 6 48
1676 2264 9 8
1613 420 18 17
1750 2049 5 35
1975 2865 14 61
2929 52 16 9
1969 299 16 14
2232 1228 10 10
3021 2439 9 43
3074 2388 12 15
457 2108 7 4
3421 275 12 31
371 1505 12 16
2628 2277 13 62
2491 1117 12 9
2373 879 15 62
748 1785 11 23
850 3517 12 25
659 330 12 42
2880 1868 5 26
421 2033 9 30
2712 2904 3 57
3351 2502 7 38
1289 1277 11 53
973 1674 20 36
3486 288 1 7
320 2591 14 57
3252 600 4 58
1313 1444 9 47
2419 1459 20 16
1873 1771 10 47
516 3132 20 3
2814 940 20 56
848 185 17 42
292 395 12 5
1152 1705 7 45
2014 1508 17 55
1981 3291 9 19
204 1598 8 44
2691 834 12 57
1415 3056 6 30
1685 1408 9 52
312 135 12 30
1327 146 16 52
2883 1687 12 55
3513 3158 15 7
3558 3454 11 11
3069 2858 2 49
3103 695 10 51
2271 3322 11 14
522 2895 12 44
2864 1786 13 54
2864 3255 19 15
1896 1089 20 8
127 1105 15 51
3457 2035 13 56
1979 2936 9 9
2469 160 12 6
2764 3557 1 57
1429 3424 7 32
277 69 11 43
107 511 2 26
177 3556 20 27
1812 980 20 32
2145 1620 6 26
2900 2139 8 37
2158 1708 13 29
1 817 6 44
2980 1484 14 12
993 1077 15 6
1842 915 11 56
1343 453 6 52
628 2341 17 7
2744 1249 3 36
2620 2912 18 59
1701 3588 2 62
569 3147 10 47
2918 765 5 13
1456 3382 5 56
314 348 9 1
1058 1856 8 45
202 3003 1 34
1235 1560 18 29
2372 3414 6 40
2384 723 13 29
1096 1274 1 22
313 2788 10 41
1179 677 6 45
713 3431 12 15
1246 1224 19 16
2432 3431 19 54
937 2570 10 16
1481 2010 17 37
1646 1014 8 37
2522 3280 4 29
1179 1729 13 42
1302 3490 19 39
385 2980 13 12
665 1843 9 37
3444 3167 16 9
1950 2017 2 14
1510 1765 5 19
1483 3205 9 31
1648 212 10 43
1430 1847 1 21
3558 3519 11 63
342 2870 3 46
364 498 19 32
2556 3311 19 50
3002 1451 11 47
1077 2288 2 49
2493 2107 13 44
2609 2619 6 55
2078 1128 1 24
458 3480 7 33
1332 1371 18 22
618 2237 4 45
2303 1530 16 54
246 2048 9 32
133 3580 14 45
1623 1733 16 9
2985 573 18 56
1740 126 15 57
2939 2469 7 1
2539 3371 12 7
1110 3570 3 42
1396 1084 10 25
1 3007 13 45
1266 3205 2 18
182 953 3 27
2584 435 3 3
711 2907 2 22
3126 1000 9 51
389 238 3 18
1536 1971 3 58
720 2051 9 5
568 1202 4 44
355 209 10 10
1625 2538 16 43
370 1704 7 21
2083 2694 3 55
3301 3242 3 25
1418 2091 15 40
3578 352 11 56
1042 512 7 44
3459 2165 10 14
3085 2827 9 14
2213 1537 5 39
2958 2261 5 21
2920 1428 20 17
3484 12 9 24
917 3198 13 4
1923 3573 3 13
3513 825 16 7
724 1665 11 37
195 1323 13 52
2614 3313 6 4
3380 2873 12 50
2950 2425 10 23
1932 1949 10 19
1487 2333 12 25
2122 800 17 48
1391 528 10 21
2145 711 4 61
303 1024 18 41
3460 3529 7 12
1428 149 17 20
966 1203 10 26
2904 2724 8 58
909 3402 20 32
3087 1852 19 17
1108 3519 2 56
1384 2114 6 48
365 3297 12 48
3528 3165 10 56
2463 2471 16 56
1018 247 16 25
2956 3100 11 20
1278 923 1 53
2998 2829 4 34
3528 65 17 31
1537 1365 7 35
1131 1121 14 40
2713 2831 3 2
3509 2861 17 4
1549 1217 11 5
1006 1444 19 41
619 808 13 36
883 1020 5 37
1196 3444 6 1
796 2707 17 7
3386 441 19 34
1016 986 17 4
1286 2447 9 26
1056 3595 17 43
3040 515 6 25
1849 1696 20 8
374 2674 9 49
1533 3165 15 37
635 10 2 24
90 1262 2 50
3224 3307 15 43
49 2154 20 8
2573 1148 18 12
1140 3135 19 38
3404 2041 8 32
784 576 18 24
2976 198 17 22
353 501 20 45
521 1180 3 53
41 227 14 41
2178 2919 12 52
629 1860 8 59
3031 202 3 6
2195 1114 1 59
2686 3175 14 11
2269 194 9 10
872 3434 9 1
2656 2182 3 29
1516 1116 13 13
1194 3456 19 40
2507 919 14 51
1983 1455 5 10
893 1216 2 11
2857 1998 3 29
2986 2773 16 58
267 2431 20 40
1255 2629 9 32
2472 927 10 11
2756 1266 5 63
1899 1605 18 42
949 2931 3 49
1586 324 20 41
2894 3518 15 62
2833 1151 10 1
2926 2291 2 59
886 2519 17 26
175 1075 19 54
2529 375 3 60
2543 1025 7 13
813 545 15 38
441 2420 6 6
2851 2044 10 53
1722 1146 2 4
1659 2738 6 14
2373 1656 3 59
162 760 8 38
2776 427 3 38
447 3331 12 48
2918 235 9 53
2286 2532 5 61
126 1513 16 52
2326 998 20 17
985 47 15 63
1767 71 8 39
3540 47 13 35
1116 3256 6 24
645 80 20 9
1816 1535 12 22
1659 703 2 21
3297 2084 12 44
2204 430 8 34
3034 1646 7 48
3325 3446 1 63
2001 1408 7 19
2729 3318 17 7
596 3135 18 14
884 1655 4 12
2737 607 14 41
3246 2112 1 5
2868 2504 2 19
405 1820 6 19
1374 901 15 35
2966 2937 17 62
2787 2544 4 4
769 733 19 27
3256 353 5 49
3385 2778 5 51
3301 2185 1 15
101 162 18 43
2541 2534 5 44
3242 3434 12 19
516 897 1 18
794 553 8 43
2176 2860 2 61
3420 2603 11 45
488 1785 6 49
1533 1441 13 55
924 20 18 57
2234 3018 19 13
718 326 3 29
2901 260 20 14
1339 762 10 59
178 1875 9 63
3460 805 8 54
3090 1477 19 45
3596 713 7 28
1970 843 4 11
550 3567 1 2
1064 3408 13 34
630 930 20 40
385 1201 19 1
959 1832 11 22
907 2718 8 44
752 156 17 50
3141 332 3 46
3405 3380 4 15
332 1272 19 16
1890 79 10 45
879 3108 14 25
1423 144 14 1
1671 1596 16 42
2930 2456 14 31
2638 1799 8 16
1159 3036 9 3
2219 277 13 3
1545 1464 9 55
193 2131 1 32
460 1046 8 5
1345 293 8 54
505 937 7 11
604 1903 1 50
3153 2849 8 43
818 655 3 62
2079 3461 6 27
2378 1602 3 31
264 3159 6 17
2839 2553 19 19
499 3340 20 42
1407 1244 19 22
2035 2891 16 36
2210 363 19 61
2636 2213 9 9
3236 505 19 15
1891 3045 16 31
3507 485 14 3
1489 3386 18 51
3088 3541 2 18
3325 183 5 50
2985 1117 7 48
1750 1497 9 36
2875 2816 3 44
978 1897 14 22
481 1056 2 14
2731 1658 4 52
294 1349 7 47
2908 721 11 31
3191 2000 13 27
482 2802 9 2
2514 1134 9 45
1493 2954 7 41
2395 1305 9 40
277 2763 15 50
2092 2395 15 32
1306 618 9 37
97 537 4 8
1985 300 3 53
273 2063 1 48
3025 136 18 33
955 393 18 48
3502 660 16 6
1330 309 1 24
191 2598 4 19
115 541 17 23
2147 2453 10 34
3329 2710 11 22
274 445 2 26
3566 2879 18 22
1326 1421 18 13
2329 1144 17 12
1357 1168 13 16
782 1294 11 36
495 1839 14 62
2848 3101 6 30
2313 2905 4 13
195 2320 17 58
1892 1213 8 6
892 1492 2 54
3599 2152 3 41
2416 3377 4 47
437 1523 17 4
1633 1292 4 56
1754 1069 4 49
2438 2349 16 23
781 963 18 45
1424 2009 19 19
1428 2407 8 1
770 148 13 2
448 2980 17 32
1654 3503 15 13
952 450 13 38
2277 3186 3 21
3350 301 18 48
3007 2357 13 16
2619 1430 15 20
888 2263 10 56
812 2835 9 44
1916 1292 20 51
3029 1166 11 51
1624 2580 10 23
1469 1878 5 53
2470 59 15 1
3558 427 13 5
3107 1212 9 9
3191 2050 15 23
1755 713 20 39
1090 2311 7 2
3334 849 1 17
2141 2455 11 15
3224 895 13 10
2391 1575 20 16
2648 1101 11 4
2944 2052 10 38
2702 3122 10 35
957 2 15 24
1321 2065 8 12
1066 3423 13 51
722 365 2 38
886 1682 7 24
2889 2841 16 16
1459 1404 6 31
2835 1385 19 11
2023 1244 7 13
2247 1054 14 16
1205 831 6 6
1020 2282 14 42
3572 1720 18 23
3227 2656 4 50
2430 753 16 20
3013 1863 1 10
2760 2973 17 21
3095 2867 8 18
227 1276 8 40
2770 1255 4 19
1355 763 15 22
856 1040 18 57
1367 3387 16 29
1271 2320 8 32
201 1310 10 38
640 3204 8 58
3152 841 12 54
3001 2083 15 38
1407 653 14 15
1478 1526 15 60
2331 2707 10 54
8 1354 1 17
3346 2999 10 17
849 748 20 22
2267 2367 7 6
3326 50 10 52
3241 2522 4 13
3362 713 12 23
79 832 4 12
1210 2194 4 36
18 2119 11 9
3340 1214 8 36
2567 914 15 33
2383 2402 3 9
2251 1792 13 12
3285 1690 10 55
611 3043 13 33
1224 342 16 22
145 2844 16 26
259 3548 1 39
2373 38 19 42
503 2542 4 30
3 2596 9 56
2953 2634 14 26
527 2066 10 9
1595 634 14 10
331 1622 5 41
2584 1007 15 15
1631 20 11 38
119 3559 6 20
384 3432 9 1
1504 2502 14 30
3548 2083 13 32
2980 1917 7 23
2840 2527 16 61
2737 1014 3 52
2815 949 19 18
1422 1016 12 41
3594 1619 18 52
1003 1700 13 60
774 177 9 45
2782 1218 13 46
641 3295 16 8
2064 1530 3 8
2619 2677 1 44
1711 1967 16 36
571 191 4 9
1917 615 3 40
1574 2765 5 16
2756 1222 20 10
3125 941 20 48
1927 1354 5 63
1838 1564 9 11
675 1909 2 17
133 3507 8 28
2174 2523 7 17
2704 3594 2 62
69 250 10 31
1368 87 15 56
1506 2901 19 24
2641 1253 16 33
3386 955 9 5
620 2255 11 41
2413 1437 5 34
2382 868 5 6
2922 3007 13 44
2867 2631 10 49
3456 1915 5 32
310 1257 9 7
2619 453 7 60
2943 493 4 28
1175 583 20 1
920 2780 6 61
139 1681 15 9
3170 2167 4 61
50 1442 7 62
2294 1914 7 30
343 2188 14 47
1151 2068 3 3
1289 2584 5 11
495 3401 16 23
496 2783 11 47
753 1085 6 26
864 3351 6 4
2922 1817 3 19
316 3575 1 24
1780 3282 17 33
2348 432 10 4
1228 13 3 27
473 2604 6 57
2036 2645 15 36
2958 1995 15 27
1338 2710 17 32
1233 2865 20 56
2144 2480 11 28
1811 1363 7 31
1243 2305 17 21
1661 2311 7 53
3500 2777 4 57
961 2101 19 19
2456 908 3 12
1528 3244 11 55
1340 2854 15 32
945 2657 20 54
2688 3402 13 43
1360 2721 17 32
2880 2596 5 15
2507 2578 3 17
3199 2922 3 36
3110 1704 1 6
631 338 1 54
1341 734 16 21
98 1390 14 16
3559 1969 12 42
163 249 5 56
3163 791 6 30
1436 1502 12 34
893 425 11 58
2272 2365 12 9
2100 2349 2 16
2640 117 6 32
725 1742 7 18
1110 186 19 13
1694 111 9 8
1030 984 15 27
3315 530 11 52
3590 421 9 22
2740 2961 20 9
1809 865 6 9
1625 3554 20 18
3304 3211 16 44
1043 2250 18 7
311 3411 1 58
978 3355 12 60
1524 315 10 39
3524 1755 5 37
2373 76 13 12
1060 175 2 2
366 2335 2 12
1667 3521 10 62
3546 382 2 23
1933 2243 3 63
3358 2996 6 2
1074 3093 15 34
1580 3135 17 58
3393 2464 12 12
2055 627 2 46
433 115 14 22
960 1242 11 44
3436 2683 17 4
3213 1284 20 37
3149 2780 8 61
1166 2435 4 44
2762 289 8 33
1282 3365 15 54
2413 2223 6 9
1662 1764 15 49
2951 313 15 29
1454 250 7 56
2737 1261 8 57
2882 2613 20 51
883 2878 16 50
1643 2833 11 25
2029 176 10 40
1872 3108 5 34
2383 2415 16 20
3149 278 14 12
1922 786 7 23
1370 1531 2 11
556 322 18 9
837 1970 8 31
2385 3231 20 44
1400 2531 11 7
1707 2256 3 28
508 2603 15 47
3263 604 6 33
1260 3222 4 6
1752 258 17 5
1407 2124 20 45
488 1044 9 50
2656 2140 2 18
646 149 16 55
2119 2660 12 38
3330 3144 16 26
2356 1255 15 42
801 410 4 35
524 240 1 41
323 559 15 57
2748 3364 13 51
723 2033 6 27
273 58 15 61
2259 3378 3 38
425 1057 18 32
2257 3438 6 37
3124 3569 18 10
3068 2016 12 60
2748 835 12 22
2338 955 1 28
3000 1248 17 26
1761 1809 15 41
11 455 2 60
2958 2752 14 30
3018 993 5 59
2463 1334 5 35
514 2985 14 57
2628 3478 6 53
1305 383 13 39
1780 2776 20 42
673 815 5 48
124 2611 5 52
2261 1107 8 59
1461 2320 8 22
2716 2413 2 38
1236 2702 15 25
365 1728 16 27
1431 3331 5 17
2589 2309 6 19
380 404 8 31
3264 630 5 16
1201 2108 19 30
2965 1988 19 56
2936 3236 18 28
3129 2787 15 40
3350 1626 6 4
3171 3521 6 19
332 2938 16 31
3061 762 20 48
937 1303 2 30
2638 3181 4 25
1650 488 7 12
285 3300 7 63
1848 1982 12 48
3369 35 9 55
796 2632 16 31
2955 1496 12 11
2573 1339 1 53
733 2717 18 59
713 2744 4 43
3451 3061 13 48
3134 2056 13 20
2599 1120 5 45
3258 1570 20 36
861 1334 2 25
2037 2898 4 22
939 3136 16 16
750 62 18 56
2032 1261 18 32
2220 1035 17 59
320 3097 5 2
1115 2732 19 31
1073 2550 6 33
1411 3453 10 50
3124 748 16 18
688 3203 8 55
2424 2522 19 21
2660 1317 4 44
3197 1110 2 56
1012 2919 6 22
1566 3195 1 41
2932 2864 17 7
2556 2722 11 9
715 2619 11 31
1694 2898 13 6
2949 2556 1 52
3056 621 19 34
2916 3584 9 10
1150 1744 8 29
1779 543 19 56
941 2205 3 24
113 2724 13 10
984 938 11 37
1618 2349 20 12
1257 868 5 51
3360 523 7 8
1409 2112 20 31
229 374 7 3
202 1739 8 62
1340 1968 14 12
2785 577 15 49
1798 1919 4 43
2853 2605 16 55
2136 876 7 40
1960 3086 4 56
1118 1121 14 20
3304 1707 14 42
1419 1239 8 35
3258 1544 11 23
2362 3432 14 37
1675 798 4 30
2438 3024 13 51
2200 1968 11 48
3349 2182 19 19
2816 1746 1 31
1936 1187 11 39
759 752 4 43
2938 793 4 40
1404 292 19 60
3262 3598 18 31
1694 2656 6 30
568 716 1 31
1657 1398 14 57
1006 3379 2 5
1542 1740 18 58
2659 1661 3 61
98 297 2 16
849 3425 11 19
1364 1110 6 7
2962 30 10 2
1712 107 18 32
2404 1376 9 4
1822 705 13 23
1178 1469 10 16
2175 958 13 19
172 3042 1 6
1215 1950 15 12
1589 3346 18 53
1731 1366 16 1
1991 1625 19 56
851 2573 6 20
786 3223 18 28
1343 2720 11 29
309 2975 3 47
417 408 15 3
75 2549 5 22
1201 274 2 21
1258 2424 3 26
542 1027 1 60
2673 334 5 20
2733 2576 1 49
2663 3310 15 7
1042 139 15 51
597 1775 15 34
24 1021 7 53
666 1104 20 12
337 2549 3 14
926 3343 10 35
1384 2659 16 28
1106 791 16 6
680 2989 12 42
1239 290 18 53
3408 2909 10 17
2627 1398 19 52
1878 2725 5 9
1736 1521 13 41
3404 2885 9 19
3023 2424 14 3
3374 2567 12 48
955 2217 2 2
637 2085 19 16
1468 1514 14 7
3440 373 14 45
1110 1798 16 37
3321 469 9 8
1453 963 5 29
310 714 6 55
1899 1194 20 39
2031 267 15 23
1505 2376 16 61
354 2075 17 20
986 2693 17 22
885 1706 20 29
1768 547 18 6
767 1156 12 5
2990 2310 10 7
1142 2935 19 18
1956 1824 3 34
2591 508 5 17
2258 2748 9 7
2754 2181 7 53
2653 503 15 29
607 1750 15 48
2103 1717 8 25
952 2809 18 51
511 3093 11 31
1676 3265 1 41
1757 2859 5 42
2175 51 1 5
225 2343 20 49
1279 3130 4 9
1815 2720 12 46
1803 3505 14 14
565 2901 12 26
917 1024 9 19
705 2357 6 49
2257 1843 1 53
3431 2950 4 16
2623 1925 4 3
598 3131 7 11
773 898 17 38
2943 2469 6 28
937 3084 4 63
2713 3231 2 58
959 1354 2 23
2231 2531 8 59
2483 638 13 34
296 2512 17 50
3045 2004 15 12
3515 1554 20 4
3304 2634 11 8
1324 1588 6 4
2 3384 20 44
2549 1984 11 27
2910 1147 14 50
1502 2199 7 22
567 3127 16 58
666 1745 2 47
452 2905 2 21
2813 2188 2 1
2991 2590 15 43
2785 1746 4 50
163 674 6 48
1078 608 2 3
1863 455 19 38
2913 517 9 52
155 1373 17 30
3012 396 16 48
1462 1010 20 34
743 1156 3 35
2616 3556 1 20
3579 989 17 47
2094 3577 15 57
369 2536 20 34
1590 2062 19 29
2243 851 20 58
2922 3177 9 1
252 234 20 52
1052 1955 5 23
1575 1810 6 30
1364 2584 14 31
128 1611 6 42
2363 2713 1 56
2914 3169 9 22
758 631 13 4
2841 3108 2 18
339 565 15 10
1557 509 4 7
1867 3436 15 58
2627 1295 8 34
2843 1100 1 45
3513 3424 8 4
2610 1086 18 23
2773 2622 3 5
654 458 13 14
2089 3281 7 42
3529 608 20 40
2562 2640 16 9
3346 3134 5 47
1081 2428 1 26
105 2308 17 50
3029 1421 18 33
1634 1778 20 57
1814 2105 18 49
2736 1464 16 57
1604 2903 6 42
2686 1719 12 47
363 805 3 28
315 675 14 49
1069 664 2 30
3413 2959 3 45
2277 975 11 60
1863 3534 7 41
532 2713 20 22
293 2550 1 3
3159 3368 15 8
3276 2246 8 4
2074 1134 20 11
975 834 5 24
2205 3256 20 30
797 3445 19 6
123 3023 1 34
431 2064 9 13
1062 410 13 38
2647 950 17 29
1977 1014 4 52
2949 1647 19 4
2012 2877 7 44
40 3329 15 42
1526 2341 10 8
1143 106 20 56
122 2992 17 42
2491 216 8 16
1354 2521 17 48
3548 3543 18 52
2732 137 13 55
2622 1502 9 24
2154 3239 20 6
2956 53 16 52
23 1751 6 3
2289 2607 12 54
612 1828 13 16
1482 3136 8 63
3514 1303 10 58
215 745 18 54
3049 267 16 10
3034 3100 9 35
193 7 8 37
104 346 19 26
2309 3531 12 5
173 920 11 18
459 923 14 5
2676 3157 1 12
1889 2004 5 12
1854 2684 17 62
734 1108 17 47
49 1490 15 32
1748 377 4 49
2118 828 12 38
3001 997 6 18
1856 2304 18 52
559 19 9 52
1252 840 10 2
2284 2829 19 1
2033 245 7 34
2514 3301 13 25
1633 2373 8 28
1248 2204 5 48
1763 1629 20 19
3043 1849 3 13
2188 2775 8 1
2823 1023 15 51
3297 581 19 53
3177 2448 13 57
3101 227 13 63
68 615 1 31
1067 910 17 7
2078 2120 6 62
3012 2812 4 30
2043 1945 17 23
1525 2475 5 45
2180 3171 17 50
3409 800 12 61
1923 2601 9 56
1955 597 19 8
1494 1799 6 17
1825 1527 11 35
3229 790 10 31
1669 632 2 1
2849 1875 14 23
2677 2076 15 20
2224 1348 13 27
2876 154 17 10
2243 3361 3 5
1379 998 11 30
1698 1254 15 17
99 3286 18 45
2209 870 13 26
3442 23 6 11
1653 3189 10 59
1235 3016 3 29
1623 792 15 31
319 3293 14 34
993 2864 1 46
960 2964 12 43
966 1050 16 48
1222 529 14 10
945 3275 11 9
1726 1010 6 11
3165 252 15 10
2516 2497 6 47
3588 2014 3 35
519 2884 13 15
2959 1542 6 63
516 1335 10 20
2462 686 19 22
1205 1034 3 22
2751 2561 10 24
2076 1516 20 21
1317 1504 1 40
513 1542 15 14
1759 315 1 28
2038 1038 17 20
2729 361 11 47
3534 3563 3 42
2280 3547 2 44
955 600 17 4
93 1839 17 42
60 2126 9 38
1606 237 10 24
950 1457 14 10
591 1475 12 59
582 3036 17 37
2182 826 13 22
206 1156 17 62
3235 767 18 7
334 2673 3 24
1515 2967 5 19
1769 1220 2 19
266 1813 7 49
1374 2284 9 6
3348 3014 4 54
2479 1959 20 28
341 1280 2 58
2487 1855 15 1
844 1636 3 7
2630 601 20 55
2457 3467 10 5
1998 2042 10 5
3567 1911 1 50
1120 2384 15 7
2169 343 15 12
1318 544 1 24
3165 2966 5 18
467 2062 16 28
1412 2576 7 53
2341 1902 1 27
320 2302 17 62
2007 2462 13 20
2118 2187 15 57
3047 2773 11 53
780 1233 4 45
2030 2580 19 63
2629 1926 16 6
1966 2988 4 55
2299 559 19 56
2238 2966 9 4
1128 1988 19 11
3275 3472 16 57
2515 816 6 49
1716 1599 16 62
1623 3361 4 36
2975 3109 19 35
2863 2151 4 9
3136 1737 20 33
1885 375 19 7
539 237 15 9
736 2761 3 61
1084 934 15 59
700 2829 10 3
2933 1251 1 62
1899 2310 18 14
639 2483 15 23
358 2361 15 26
3148 1908 18 54
1096 1224 16 47
1128 2670 8 4
3210 689 10 39
3299 285 18 4
998 3414 13 24
935 1262 4 50
2435 2262 18 53
1652 1199 6 61
1339 266 5 9
1794 320 8 23
3275 1715 18 62
1436 1349 15 10
1217 1473 8 22
959 3208 18 62
1306 2393 6 41
593 2167 16 21
829 3209 4 5
2595 1622 11 28
821 2607 16 16
454 3054 18 43
112 3353 10 41
1169 1513 18 6
1183 1164 18 1
2572 236 15 39
3076 3108 14 61
753 316 20 7
182 3574 3 44
1180 2143 11 26
2574 548 18 46
1193 194 20 16
2271 1122 4 44
1233 903 3 35
3598 3356 1 12
3082 636 13 28
2009 3024 13 34
2754 1529 16 40
2661 1046 5 38
2066 820 1 25
2530 2934 17 3
3187 2569 20 17
4 1940 18 23
2799 913 17 27
3152 2940 15 13
2849 791 6 47
1767 869 2 11
2298 3097 12 13
1912 1475 17 20
364 2521 3 63
3583 1714 17 34
1568 3024 12 54
3136 3589 19 20
682 2450 11 36
3008 2101 17 38
3567 823 9 43
2748 466 5 17
834 458 17 12
1441 1332 1 36
116 2708 16 26
885 1585 4 22
67 203 14 29
601 286 11 25
1856 2285 16 46
1992 278 14 27
825 2946 18 37
1734 1371 16 27
2493 3334 4 39
1718 1451 15 10
102 2599 19 44
1712 1745 16 58
1484 2101 13 4
3244 37 15 29
506 2689 6 11
3494 842 11 2
2017 2634 13 55
1537 1038 20 34
3492 365 16 63
1780 2697 7 11
3500 1241 11 62
2027 1457 6 28
2198 163 20 27
3113 464 4 60
2729 895 13 36
2081 1936 11 9
1052 1803 15 24
568 3482 7 15
75 1021 20 38
3600 947 4 2
471 556 12 35
2693 418 15 22
2616 714 6 16
1791 1864 3 42
2420 60 11 34
2273 1086 10 42
898 3009 2 37
1322 1415 14 36
1649 3012 18 30
1258 758 3 36
144 2132 4 15
256 2366 2 13
84 1295 7 1
1644 1162 13 29
3173 1892 19 18
3198 571 7 50
3092 1599 2 61
103 1702 16 58
504 2115 17 24
223 1035 17 63
2799 1008 3 58
537 1923 16 41
2797 979 9 38
1906 3271 8 13
2996 831 18 18
3575 35 15 57
688 876 13 14
3261 1864 11 26
3426 516 5 63
1468 491 9 12
939 2623 18 50
1988 3239 7 55
1494 3366 9 49
995 97 14 26
2185 1871 18 45
2774 960 2 28
1487 1257 6 34
315 3314 9 2
274 52 8 47
2194 354 15 44
2553 2413 6 32
2592 1346 3 54
1150 1412 19 51
1368 2861 19 35
1008 683 2 3
852 380 1 39
2442 2910 1 36
2995 1708 8 30
562 1777 18 8
1280 1625 11 28
2570 2420 5 13
2994 885 10 40
626 607 5 63
2337 2850 10 2
2380 823 1 25
2886 1134 11 23
3289 2051 17 19
2701 2932 4 16
1625 375 9 17
2286 2283 4 12
240 3063 13 58
909 2012 8 17
70 2429 2 32
1585 808 3 13
1067 94 19 52
1200 1164 19 53
1200 2178 8 19
2263 3270 5 2
796 2299 2 46
482 3521 2 62
2348 571 12 8
28 2394 11 51
407 1042 13 35
1783 2449 20 51
2209 856 3 10
1727 1188 3 45
2985 60 4 20
3534 3291 18 51
1673 517 12 34
2432 1854 17 10
1989 2472 8 3
720 3401 8 13
2768 3060 19 58
1203 3183 15 36
2259 2902 3 55
1657 1032 7 33
1791 2289 13 54
847 36 18 14
1417 2595 16 15
3309 1444 3 56
2467 2826 8 43
198 2578 1 18
2704 1342 3 1
281 1424 6 18
2169 2087 3 5
1494 3180 15 56
829 3552 1 53
602 2092 11 52
3002 1467 3 2
1536 1925 16 13
1901 2733 7 40
1454 202 6 30
804 646 10 56
3512 2281 2 44
878 2758 16 22
3139 709 15 57
727 3527 17 5
327 1472 17 45
618 647 17 21
351 778 9 9
856 3158 3 44
3373 3456 11 22
1726 172 13 55
905 2004 15 39
1959 1346 15 19
1442 642 12 20
1854 581 4 23
2435 2721 4 44
1735 3421 3 52
3478 1893 10 38
337 273 4 57
2988 2580 4 1
2271 1207 1 51
1906 593 12 17
1853 1831 17 17
2308 1302 16 48
1314 1437 20 60
3249 500 1 49
660 1193 14 28
2502 648 1 57
3050 2318 10 19
3267 2662 13 21
2802 1914 7 47
2409 2103 11 60
451 1880 1 53
2953 1028 11 56
1780 950 10 47
276 3102 19 10
1489 3387 6 21
2598 520 17 20
665 1510 20 40
3463 1826 4 4
872 3299 18 58
923 2722 4 8
3219 1835 6 12
1364 1072 5 22
3184 3038 9 16
1306 906 17 1
3484 40 4 38
2819 3286 4 42
2073 1105 5 29
725 105 3 36
775 2082 9 24
46 368 7 16
1370 3271 3 5
2625 2354 20 44
2002 428 10 34
3253 3421 15 18
2996 2317 11 59
2526 1914 20 35
1544 1246 6 9
3034 1513 16 48
215 3490 19 34
1588 2521 1 11
2292 1734 14 32
436 146 17 55
1008 1316 16 47
3480 2440 19 27
871 250 7 41
85 362 19 17
840 1359 6 1
2051 1863 6 47
3581 1870 1 25
167 3207 19 5
614 1230 2 7
502 1380 4 26
3504 2168 19 50
1594 213 5 38
2665 1039 1 42
2795 1530 11 3
1106 3147 10 53
2196 3021 7 11
399 2959 18 18
3323 2808 3 21
580 2568 4 40
1890 254 6 7
3510 602 11 22
1642 2431 11 22
1096 149 7 35
2845 1444 19 44
217 407 2 46
3372 1066 6 47
1935 1903 14 60
2039 3019 8 8
1607 3282 10 34
101 1404 18 60
152 290 20 53
3073 3490 6 25
2523 2809 14 3
952 1145 3 18
2740 1314 12 7
3158 3283 1 59
712 1792 17 45
1190 749 5 14
1595 3023 11 62
876 3058 19 33
1671 2146 19 23
2139 306 16 49
1300 1771 6 41
223 1134 19 45
3528 1284 1 50
843 2530 8 11
3083 2272 5 40
1969 3229 5 13
1313 312 20 41
2864 2911 2 39
2341 2865 20 54
2978 1917 17 49
2169 2572 13 54
412 1913 20 56
1869 1192 12 52
3575 3130 8 2
1413 704 7 34
3082 221 17 37
295 383 8 30
1636 616 18 14
3024 106 14 61
22 3255 20 23
73 1590 10 5
1205 2096 6 11
240 569 19 55
2238 1423 2 56
2756 984 8 10
2248 3195 2 60
2405 505 2 35
1684 2060 1 55
332 2300 12 24
1607 3486 12 3
785 1200 5 18
3552 55 6 62
1874 3069 12 7
2729 2923 16 46
802 341 17 60
2684 3449 19 63
368 801 14 7
886 950 5 48
615 3375 16 21
2218 3288 1 31
174 2903 4 38
2966 67 20 41
211 286 1 19
2724 1067 3 33
2773 90 18 46
431 2333 5 51
1313 1348 14 20
3080 2465 20 58
1768 1833 14 3
194 2629 17 2
3152 979 9 31
84 685 18 27
989 2202 5 19
2703 1840 6 15
3296 335 3 6
54 132 14 22
1698 2926 5 39
3362 1101 5 7
736 3126 8 61
2530 3386 19 48
1894 2125 19 44
3191 2578 8 16
2535 366 17 18
1345 3338 15 11
546 3076 1 46
3248 2017 4 61
992 3132 20 48
1785 2325 2 51
528 2718 16 15
387 665 9 39
2083 3066 19 14
719 3120 10 8
2521 2972 16 50
3556 1486 6 63
614 570 8 47
3467 485 9 39
1313 1391 19 50
154 656 7 12
1182 1988 7 3
3185 1829 16 24
836 2588 5 28
1736 1369 19 7
2434 2938 14 10
1442 588 18 37
3232 2440 2 56
3072 2436 7 54
1260 3031 2 4
1399 3023 15 31
1495 2557 10 46
1385 1324 3 18
1427 2752 4 29
3366 680 4 54
2872 3170 15 6
555 3257 17 44
3489 3314 12 34
865 3106 6 21
2210 3521 13 52
730 2916 8 27
3215 2231 11 38
1264 2781 4 16
1234 2914 19 39
367 3571 2 6
3273 759 9 1
3025 938 6 12
1662 746 6 10
149 348 16 12
28 155 15 33
2229 1193 14 45
3019 2378 4 62
3014 3182 11 49
1040 79 8 44
2053 139 7 11
3558 3260 18 14
1447 1256 19 51
3227 2401 1 39
563 2563 14 29
2461 3213 2 42
802 1338 2 27
399 1415 13 63
2732 224 2 24
965 826 2 7
2990 671 11 26
2851 3000 11 10
561 1630 10 33
625 2969 20 12
2477 2548 17 12
3116 2384 2 25
275 3013 4 41
3438 2941 15 28
3093 1586 17 61
951 342 17 51
171 3055 16 50
2375 106 4 37
177 1948 16 59
1438 2350 12 29
907 914 14 62
734 1467 4 12
1638 372 16 41
1503 1033 5 24
431 1741 8 7
682 441 12 8
1460 3001 1 10
2542 14 19 7
677 1125 7 61
2230 2438 11 4
1057 640 1 28
200 2859 12 56
2180 940 3 25
1346 3335 3 50
427 342 4 18
796 115 12 49
668 3543 17 4
80 70 8 18
2769 2874 16 48
91 391 17 30
660 2400 20 25
2840 223 5 42
1220 733 4 33
2700 2637 19 61
3470 1753 17 21
2277 305 18 38
2922 467 1 40
1544 822 2 29
3003 929 9 1
1364 2093 15 25
3050 2757 9 34
3049 1527 8 35
2948 483 13 62
2282 1839 19 27
1481 119 7 18
1989 1882 12 62
2895 1583 6 9
998 1504 9 3
2104 1130 16 11
1479 3236 15 20
2488 3067 17 61
2839 3001 11 60
159 44 11 19
1164 3401 16 42
3219 1520 11 59
2243 3391 9 59
3207 2737 15 37
3190 1865 14 14
1615 138 17 27
2454 379 4 52
3564 259 2 7
2474 2153 15 18
2083 211 14 34
1055 3360 11 55
1430 836 5 14
3362 389 2 26
768 3045 2 7
2458 799 10 51
2714 2343 13 28
3234 890 6 38
203 2876 11 21
3251 3532 13 60
1249 3479 2 20
1366 2054 9 33
2049 2678 15 21
679 2576 1 52
3131 1909 17 25
3282 3456 18 47
2470 111 10 56
403 3204 5 8
3135 2687 18 22
2037 1652 12 36
2917 2645 18 48
2895 119 18 21
1453 2052 15 14
1641 2346 9 12
1780 2275 13 61
1853 1161 8 22
3324 2555 15 26
1333 3383 9 24
3423 1646 15 26
312 3189 16 32
2600 352 2 28
285 2710 9 44
2935 2517 15 26
3412 2539 11 39
121 2898 6 27
2769 2762 14 9
2570 1991 17 1
951 519 3 2
811 177 14 8
2807 161 5 62
614 1864 11 47
428 2072 3 48
896 570 2 48
3340 3262 4 36
1753 2353 4 3
768 2465 10 30
1367 956 10 4
2088 1276 4 51
595 3239 2 42
1969 3081 3 10
846 3377 14 3
251 2940 7 2
1096 801 19 35
2100 90 20 22
1530 604 3 33
598 1988 9 24
3575 1264 3 29
1471 3091 1 36
1687 165 14 50
2964 2128 15 29
995 1273 6 14
2224 2327 10 10
2075 1704 4 54
1657 3125 13 59
1078 555 10 52
3069 715 16 25
441 2842 11 57
3162 907 4 60
389 2640 12 13
2042 2910 6 15
1123 1466 3 4
2347 3536 8 59
2810 2681 10 31
190 2121 7 1
1843 897 2 61
1195 2627 18 41
1782 2193 20 38
3004 1771 4 15
2640 3179 13 7
461 1549 2 19
199 2839 9 58
2303 1010 7 34
3196 1187 3 59
861 2750 7 43
953 2090 1 16
2541 2743 11 6
2738 1653 15 62
2428 1709 18 37
1069 2395 20 29
1713 1924 13 14
3489 2123 11 29
2501 126 11 50
1786 1791 5 8
533 2820 14 57
2717 200 11 4
204 2946 20 39
853 97 12 39
2973 964 18 29
1175 377 14 39
1830 2512 15 33
3062 1954 9 41
2309 717 18 53
35 595 15 31
2869 1315 8 11
3586 3492 11 41
2368 2848 7 44
2089 218 2 35
3330 2276 9 55
1520 3409 11 48
71 131 6 22
1354 3209 17 48
1927 3368 14 43
3512 255 2 48
1522 2620 15 60
2706 2248 5 53
768 1148 9 16
1580 1340 4 28
336 2900 7 46
2916 484 15 47
1593 1298 2 2
2464 3049 1 56
1062 801 11 10
393 870 8 53
2614 2194 11 9
2336 521 9 63
316 444 7 48
3469 3212 15 53
1580 2920 12 15
3141 2839 19 41
1909 2079 10 39
10 349 14 54
1849 1561 4 26
3571 2328 3 61
2070 2455 4 44
163 3404 2 28
42 2792 2 39
3240 2587 4 31
2493 3135 15 12
1398 1995 16 26
2555 79 7 39
1560 2356 17 7
2538 3379 17 7
1168 1509 3 35
2742 3574 13 38
1681 1335 13 21
1333 2222 2 6
3477 1842 19 40
891 3378 8 15
1678 3513 13 40
282 724 1 14
3486 253 12 31
29 2012 7 22
1224 2033 17 42
3219 3033 19 12
2270 1342 8 28
2085 3189 20 48
2660 2720 12 36
3497 2619 5 48
819 1042 16 11
896 1290 20 28
1343 1580 12 26
1273 1656 11 23
2952 416 14 7
1157 1151 18 39
2160 3416 17 39
3376 1783 9 19
1403 604 5 40
529 1867 7 40
2889 1370 15 50
389 596 12 20
367 1692 10 27
1451 2201 9 7
1574 1424 1 11
447 1176 17 37
3147 602 15 5
3009 1577 11 9
2714 301 14 43
471 249 16 24
1977 1959 16 16
2407 1769 11 4
1552 3096 10 8
1137 3509 3 13
3103 247 5 59
3398 2664 19 52
874 217 19 4
3283 2015 15 7
2623 1116 12 48
3275 3257 19 41
265 3436 14 27
2890 1314 17 40
3228 2576 13 38
779 2951 1 26
1815 2481 12 60
3394 2045 16 47
2563 3378 8 55
3074 1473 10 55
1901 1713 19 18
1954 2567 5 22
2509 691 8 47
1303 888 18 57
2829 1265 3 25
2696 3276 10 34
2845 14 10 49
1137 2892 19 53
2988 331 8 33
3063 3181 17 30
1249 2829 7 13
831 2598 1 16
2173 1553 18 53
170 3265 9 23
28 2997 14 55
791 1376 15 14
1861 2827 1 20
780 3119 3 4
1966 2636 6 43
1544 59 17 26
1093 1301 14 36
511 1874 19 32
2382 967 12 46
1230 1038 4 52
969 1285 3 24
2306 3019 8 16
1278 2496 17 44
3242 149 18 43
368 43 16 57
1539 2034 14 30
2967 1734 7 22
3208 2434 3 61
1945 364 10 63
2393 2275 18 48
3263 1331 1 40
3315 1391 12 41
1498 2427 11 49
2076 363 18 3
94 1008 14 49
468 2186 8 20
345 2592 2 38
3130 1821 19 37
920 1819 7 45
2822 3121 4 12
1461 2899 20 30
22 217 2 35
1412 1143 18 6
687 1970 13 29
2980 445 15 6
2003 1812 17 19
3058 3497 9 2
3431 1170 7 34
2527 2605 15 18
2000 2332 20 8
661 2141 14 7
3383 1783 18 61
2107 1399 18 58
859 369 4 29
998 3115 5 2
636 372 17 30
3109 1701 13 30
1657 3040 5 30
184 295 9 14
3320 987 8 6
3544 157 13 36
2139 357 1 45
1773 3452 18 63
131 2386 7 51
2808 1482 19 48
1604 2271 2 9
1486 2406 6 45
594 2409 8 32
2690 1618 14 22
2248 394 14 38
683 1846 2 3
1326 595 20 50
1205 564 4 33
1850 3009 18 27
2988 1923 2 51
2453 2337 7 8
3511 1218 14 25
667 1896 5 11
930 3179 6 35
269 2049 10 4
1846 782 13 2
2502 1654 5 13
2427 2657 6 54
2950 3588 12 29
827 1650 4 59
2945 2388 6 42
1291 3332 3 23
1371 1556 16 38
365 269 19 60
2683 2542 17 49
3077 102 2 13
1189 1953 18 31
1880 2524 6 12
707 1898 8 18
463 2161 15 28
1550 124 2 50
3176 981 12 25
1017 1108 16 48
109 161 8 23
391 3439 14 40
3143 1192 5 15
2202 2691 2 18
1899 1409 12 4
1504 2922 12 63
2443 1824 12 2
1633 336 2 46
1128 2117 15 12
854 332 3 52
2155 819 17 12
3210 2836 20 39
2802 1125 14 18
1580 1654 20 16
3253 2198 11 40
1286 443 5 42
2481 1299 16 40
3552 709 13 63
2337 3497 13 50
1849 3365 7 15
3090 2588 11 33
1493 1405 11 19
1719 1319 3 11
67 379 17 16
1170 3112 15 63
2504 786 13 7
3540 786 2 45
1642 1102 15 38
1725 1329 10 13
2006 1090 11 55
670 3420 17 45
3182 2897 6 53
655 610 13 20
2831 1200 20 56
1335 1883 14 8
533 2103 19 60
892 3404 5 19
1519 2810 3 10
241 328 16 14
2300 2362 12 33
3027 1733 1 6
52 2303 15 9
1098 148 19 28
551 3584 15 28
2052 2283 11 19
2720 1834 6 50
78 2414 4 4
437 2635 13 48
1888 196 19 35
2701 1783 13 15
428 2761 19 4
1401 1542 18 24
1682 1026 9 13
868 1299 17 13
3268 659 15 53
456 1945 18 38
1560 2993 2 30
1944 2742 1 58
733 1070 3 12
329 2625 12 4
1783 3344 7 22
1224 1932 13 27
2395 498 14 23
3572 1567 13 11
124 2405 1 6
1684 1695 13 60
2524 829 12 8
561 718 4 3
3161 1441 3 48
384 2778 4 2
574 2726 10 13
272 2428 18 25
3354 972 13 2
1754 2493 1 50
3068 554 16 12
1548 2163 18 3
1860 2836 5 30
691 838 19 55
528 892 19 20
3493 3338 17 62
288 830 3 58
2629 1047 4 50
459 1484 19 16
651 338 19 37
1112 1071 20 20
3 1052 17 62
3488 1872 15 40
1808 2166 7 48
424 3490 3 36
3295 1267 7 4
2621 9 13 8
3325 2890 6 50
3145 1021 8 11
2611 608 11 36
2290 1539 20 16
1359 2291 13 60
2965 236 1 42
2877 404 7 11
3587 183 2 27
510 1652 6 57
1394 523 17 53
1840 1361 7 47
2752 2613 14 44
1863 2081 9 44
1822 327 19 12
3417 640 20 62
664 3538 18 3
3285 1428 4 29
2090 1471 20 49
1935 2945 20 17
1521 1528 12 21
1458 1041 10 13
3068 1834 17 57
1099 2905 19 54
3432 815 11 21
3068 2017 1 56
2237 1874 12 24
2342 973 9 50
1316 690 18 53
3321 2721 14 50
1370 1892 15 60
2133 1639 19 50
1726 619 11 38
2527 1099 14 35
639 2533 4 44
3286 584 14 30
2763 2865 4 60
988 657 15 11
913 2886 18 36
3262 2783 7 63
3408 825 19 15
86 772 19 60
2191 1058 12 23
2705 1197 17 48
3538 2734 5 12
1758 2487 2 48
846 3439 1 23
1313 2135 6 40
3439 3045 14 14
1743 2773 1 6
1053 2805 12 56
1334 2994 1 6
2129 130 10 22
2587 1064 18 44
420 2692 9 28
1183 1965 5 30
1229 2431 7 37
3327 3582 2 49
2355 301 12 37
283 1957 4 52
3071 325 9 6
1360 3079 8 56
503 2612 16 19
3207 3548 3 26
326 118 7 43
1528 443 13 18
323 1911 5 56
1546 351 14 48
3518 1757 5 34
1940 2484 13 55
1187 1275 5 45
2228 471 19 50
2101 2813 13 6
2538 803 15 6
1277 2357 7 16
498 3379 20 55
2590 1213 11 18
55 1969 6 55
1152 2979 2 49
642 1012 1 6
2687 2879 8 19
1063 1163 1 31
3426 72 5 8
1877 3106 5 40
2160 2518 16 55
2311 2716 20 12
2662 2232 2 33
3536 1856 18 28
930 2372 16 55
911 1824 17 26
2328 2348 1 12
2305 1525 16 55
255 2843 5 50
2115 1823 13 33
3352 3589 19 27
1375 2364 13 2
2591 2936 19 53
1326 2130 1 25
1992 1343 4 29
917 1899 7 32
1781 1021 16 40
1695 3148 13 44
1899 2867 15 48
2313 1764 13 3
1855 2461 3 45
2383 564 1 6
2674 1178 11 22
2088 2430 20 12
3217 3072 19 39
190 2998 18 11
1781 167 12 47
3185 707 14 27
2231 405 12 17
3473 2688 11 18
1362 783 14 40
1311 344 14 27
920 2603 4 12
2813 2496 1 35
466 2562 10 35
60 636 3 51
1309 2311 9 8
1005 2692 14 49
269 2556 20 39
714 109 15 15
3086 847 8 46
2121 3006 14 40
3403 1024 8 53
860 680 5 27
279 3265 15 8
2397 2488 12 31
447 3075 16 23
416 811 20 47
2746 994 3 52
1574 164 20 56
492 2507 13 20
310 1796 8 7
224 1084 4 3
2247 3516 2 62
3424 2318 14 7
409 2424 2 18
1108 2931 16 41
1060 950 17 43
3438 1867 19 63
1112 1707 17 40
1468 2320 11 16
3425 1384 5 53
1772 3408 1 4
3105 3043 3 51
2385 2752 11 51
1922 1238 6 15
3437 430 10 8
1300 3460 15 7
3374 2437 13 38
610 2672 12 53
1192 547 16 27
3169 1128 12 14
1655 2935 12 54
2808 2509 4 19
2769 2958 18 51
3293 1355 14 37
1622 994 14 17
2179 2503 5 25
92 3002 19 40
2600 895 17 21
2655 272 10 16
3192 1381 15 5
728 2623 7 12
2051 2763 9 16
598 1559 8 31
2996 2463 12 3
1447 1309 18 11
2646 3247 16 22
1509 3041 16 40
2382 237 10 36
2663 3087 5 33
3551 1580 19 23
3222 2979 7 1
3593 653 5 36
1622 1211 6 50
1486 2484 15 54
2205 146 16 6
2653 1160 4 39
1283 3096 18 52
2910 1080 12 58
339 798 4 20
1620 2127 16 1
3054 1525 19 23
11 3263 1 31
1480 1715 3 57
1010 826 10 1
468 2660 14 10
611 1439 17 21
1454 750 8 26
1546 233 5 57
679 1097 3 59
3473 1840 19 9
161 308 16 19
570 1762 11 35
2888 204 15 7
737 1315 12 24
3392 532 18 51
1628 2337 12 28
117 2909 9 59
2331 2863 4 53
2738 3030 17 52
3278 1417 20 16
508 1746 1 6
892 2628 3 36
3438 1208 5 38
684 1324 15 15
2979 1110 18 54
1164 1673 5 63
3317 1406 6 43
3180 2050 4 56
1952 592 7 39
1688 276 2 36
2360 1770 10 30
1026 531 18 5
3433 1021 11 35
100 1201 10 46
2573 881 20 18
2767 1279 9 42
800 2700 2 20
1100 1950 8 55
269 199 1 63
1829 3112 8 20
1522 2065 13 44
596 732 13 59
2658 2551 1 11
2436 1587 8 26
2646 648 2 14
910 2418 13 9
3260 55 8 36
156 3354 7 12
20 2096 7 16
1466 814 17 22
3409 1620 3 62
3056 3434 15 38
3190 1110 13 28
2011 3028 13 30
222 247 6 61
2920 1992 12 20
1614 1724 2 23
3279 2321 5 15
2109 162 2 49
2659 2888 8 29
2780 3066 5 57
1127 1493 8 30
2255 907 8 22
3558 2052 12 43
2274 952 11 20
1309 2487 14 26
3574 2156 11 12
940 3334 13 14
3197 2669 3 41
2987 2720 10 54
254 2873 19 31
1607 863 10 33
2984 2482 9 36
1527 2810 18 1
1891 2552 10 14
421 45 3 56
1670 1130 12 30
3251 1511 6 18
2222 3395 19 14
2853 1284 7 54
1036 1606 16 21
531 2991 1 27
1798 844 9 5
2092 866 5 17
2049 2699 14 60
192 2783 2 6
1533 46 6 51
2817 2144 20 33
2092 1709 10 24
2182 3058 17 7
3442 1655 14 9
2905 2025 9 55
2331 3065 8 50
2309 794 12 27
692 2239 3 29
4 2603 5 57
2441 1669 8 8
742 2849 1 28
1271 2839 5 43
1723 957 4 11
3216 1032 18 40
599 626 6 48
1361 534 5 22
2974 1385 9 55
2105 375 9 55
3561 3460 4 22
3327 3521 18 6
3591 2445 2 49
469 3111 20 25
1205 3423 14 15
186 1935 3 43
1392 2008 19 13
286 3325 5 46
313 2745 1 43
388 1716 9 24
3102 2043 8 2
1772 1450 16 61
3076 3239 14 16
41 3131 16 11
1211 3225 6 40
609 890 19 17
3078 1203 1 46
3042 1251 18 39
3407 913 11 20
2272 2475 7 50
798 744 12 4
2480 1672 20 57
2124 3475 10 7
1177 527 8 6
542 3434 11 12
2816 2916 11 15
557 1353 12 7
2053 1491 1 60
1241 583 3 4
1887 1780 11 10
152 817 20 53
81 1751 4 29
829 2893 9 49
1248 3381 6 25
192 784 12 3
99 979 18 49
2793 2486 15 12
3278 624 4 63
1163 925 4 60
3220 761 2 15
2895 2448 20 53
1828 1481 9 16
2054 1953 8 31
1905 762 3 14
1820 957 17 8
2093 1097 9 42
1816 3526 8 61
2137 2119 14 32
887 2814 18 30
1492 3207 5 60
3368 2148 11 57
65 1179 14 61
644 1354 14 37
160 3545 10 41
1511 1747 17 12
627 127 10 31
895 3336 19 9
3476 2909 6 46
837 1833 5 21
1513 440 7 24
1095 2919 8 49
2621 2509 17 32
701 2575 5 26
180 1025 20 19
1406 2342 13 14
1971 1567 18 40
1457 615 3 7
910 283 6 29
2318 922 2 41
490 2034 15 61
3002 2899 7 22
2541 306 6 37
534 2268 3 52
3055 1722 6 51
2269 1274 3 35
2556 2594 20 26
896 710 19 22
1172 805 12 40
1215 1390 5 5
2178 685 16 8
2178 2162 1 40
2380 1361 12 8
695 2406 1 4
1901 3103 14 21
446 2 8 3
3388 1463 2 6
1613 836 3 57
2240 3399 3 27
1284 1791 13 49
1943 2840 16 51
1012 3179 15 27
2497 214 15 13
3462 1579 8 52
45 3254 3 32
581 3428 8 49
2446 1893 17 31
937 1689 15 36
2638 2916 4 56
3027 636 6 62
2342 3009 18 47
611 705 5 39
1260 1644 15 58
2684 2012 10 41
140 879 14 50
617 1217 14 48
447 190 5 12
1567 2640 10 22
1137 2965 19 45
3334 207 20 3
347 1242 12 30
2802 1674 13 48
3432 2213 15 28
3213 3042 7 3
1181 202 18 58
526 234 4 14
2788 2332 8 56
2571 1437 2 54
276 1110 19 41
997 2957 1 35
2471 2226 9 45
491 3354 3 48
2385 2216 9 16
1994 2342 18 19
2936 3310 14 15
2757 2155 10 26
2950 145 13 49
3287 3509 3 51
579 2245 12 63
2445 3313 16 35
3404 3186 8 58
496 2567 16 40
3150 2718 17 26
2180 780 5 16
1003 1521 9 39
2658 830 8 38
2950 2494 4 43
159 1148 12 52
3018 674 12 3
3559 1164 4 41
1465 1412 12 59
1235 3422 20 5
3261 3438 13 20
1078 2547 15 62
62 934 13 58
245 334 8 43
197 2794 17 61
3346 682 15 7
2506 1080 13 43
2812 2354 19 5
1947 262 14 15
520 1369 14 31
1703 11 12 12
2443 2919 16 3
2768 3367 18 63
527 3227 6 39
3051 2477 10 6
1348 1700 17 52
2737 3330 6 36
3579 1260 19 10
2914 2506 2 26
2963 1208 15 15
592 3365 17 52
538 741 8 38
1984 2064 19 30
1573 1102 10 31
484 2195 7 23
251 2458 16 27
1126 2185 5 58
1572 1846 4 54
1002 3202 11 40
152 985 5 56
287 2611 1 58
1033 1665 16 53
152 1532 3 57
2106 679 18 6
1903 1679 2 24
2614 1862 7 59
2710 1012 2 12
986 3333 11 31
2053 3234 12 45
1844 2469 20 49
1792 1468 7 29
2326 3464 15 41
1106 712 10 6
2121 3469 10 53
2252 879 17 57
3012 3288 11 4
1848 104 19 21
2638 387 12 62
1422 1885 12 34
3181 1551 17 8
2311 941 10 63
1797 913 19 12
88 1376 11 12
489 321 11 40
2966 2720 7 21
211 3324 14 10
2469 2054 19 38
1691 1542 11 3
992 1864 18 63
1077 1616 16 27
2786 2703 15 58
218 2542 5 55
33 862 10 14
2565 1512 14 44
1946 3424 10 21
3260 1210 13 18
3431 3199 12 57
1910 1769 10 29
1108 329 18 45
1046 2360 1 9
2993 3552 13 34
2296 2235 14 38
1965 3583 19 57
1130 2316 4 52
2057 216 8 48
3103 2975 3 15
2697 3223 2 20
2528 1582 3 25
2553 639 19 49
2564 1049 13 30
1569 1796 11 26
665 1571 10 30
3520 964 13 36
1337 2435 19 60
801 1498 16 44
1439 720 5 16
2362 1829 14 39
875 1438 7 30
718 3289 3 27
940 382 6 34
2945 3007 3 47
176 3560 11 16
1936 2248 1 38
2754 121 7 3
3443 79 9 61
448 1842 6 5
2608 3535 17 36
2540 305 10 56
509 1453 19 42
1565 2739 18 58
522 3085 15 46
1048 3305 16 26
2502 1307 7 36
82 375 6 29
196 1606 3 36
2961 1438 20 37
1677 2142 8 59
723 2252 8 37
1223 309 18 28
119 2442 5 24
630 456 5 3
2855 2384 11 59
2436 611 15 17
2497 3329 7 28
909 1196 11 54
341 1221 3 6
3297 345 20 25
2749 3341 5 33
1810 2490 4 28
2370 170 12 50
1212 709 5 9
3376 282 14 17
2466 152 16 40
2872 856 2 46
312 2281 20 32
2799 2562 7 19
1226 490 17 53
2620 3572 16 3
2610 3499 9 5
2352 1473 6 45
108 1895 6 62
977 2521 11 34
1248 578 9 16
251 3097 19 37
2258 2969 11 63
3524 398 8 52
1146 3218 8 30
1315 3366 14 19
2778 963 6 7
1444 3059 8 1
1932 725 17 34
3378 1388 5 60
430 2080 19 29
3146 41 11 59
641 960 16 45
416 3222 9 27
95 2619 3 47
145 1947 17 16
1641 2801 20 21
175 634 1 20
291 1340 14 56
2089 167 3 9
791 1550 16 10
3392 371 15 5
76 2934 9 5
1052 2222 15 41
569 12 5 22
1648 1093 5 9
1614 2886 7 12
1875 3504 20 3
1736 203 3 51
1498 786 17 45
763 1494 18 33
3540 3300 6 43
3344 2487 13 59
573 2211 10 7
447 333 4 38
2383 713 4 16
2362 1620 17 47
1292 816 9 3
2172 535 14 20
2437 2357 1 63
212 2304 9 45
2050 446 3 41
2269 2277 6 50
1421 3123 13 28
1372 2054 16 61
624 1602 13 47
2379 3301 2 37
500 1623 18 26
812 3081 10 9
2747 1381 19 37
632 2021 11 25
2162 608 11 12
1804 147 18 26
2414 2623 19 5
175 1505 7 30
2502 467 12 27
2206 3506 2 55
2411 1261 18 1
423 512 17 48
2768 1905 11 8
2264 3584 2 18
2794 731 11 6
2004 1451 9 17
3504 1514 13 46
3494 3306 1 55
2519 2356 15 30
3600 865 10 22
2124 3352 8 9
3124 2343 2 48
1039 3489 12 2
2562 2752 16 58
1193 741 19 48
1248 1502 20 10
3117 2530 9 32
2600 245 19 59
2840 1811 16 58
2771 624 13 8
649 1413 15 20
252 1030 5 38
2784 1082 1 10
1559 3568 13 39
3054 2318 18 33
1780 1989 5 20
2256 756 11 4
3297 2430 15 24
2692 1204 3 8
2257 287 2 31
421 2316 19 9
355 1047 6 1
3530 3264 20 63
881 178 2 29
3440 3523 5 7
859 560 20 26
2116 1114 3 40
3586 3383 1 41
3301 3423 4 9
300 603 8 24
1187 2652 10 44
3536 665 1 25
2975 3019 9 23
1229 3049 17 3
3543 102 13 56
2609 2953 8 18
1373 657 10 53
2727 825 19 53
1114 1157 19 35
679 3371 8 34
588 2658 3 27
2902 1991 3 43
2756 1765 2 2
424 2655 18 6
3147 2765 15 52
3475 2926 14 19
2637 479 18 34
930 868 9 1
2561 1293 5 25
1228 2362 16 56
460 2646 9 47
914 1756 17 57
3258 3447 5 2
3459 1645 7 15
3554 1965 12 29
2231 2416 3 59
1824 349 16 58
1847 753 4 10
1043 18 17 14
1399 624 8 51
1616 816 4 60
139 26 20 17
1549 2649 12 9
1513 686 16 19
716 1489 20 23
1702 1831 1 18
403 451 19 19
1193 547 15 19
2629 2542 3 26
2843 1245 12 62
1417 241 5 38
1333 918 6 14
3339 2821 18 13
631 2355 13 7
2207 1323 2 57
1954 1409 16 31
3495 889 14 47
105 2974 17 11
936 522 2 11
1655 639 4 55
2525 774 4 25
1048 563 8 15
3055 3016 14 24
1648 2116 15 46
3584 1359 11 5
439 2145 4 7
2778 1396 15 7
2517 992 8 36
2508 2446 7 58
2625 679 5 54
2356 551 20 11
1408 2196 10 29
887 2523 11 21
2579 3176 16 18
8 958 4 33
3087 3305 8 13
1224 1149 10 3
940 5 7 35
979 3108 12 35
754 1275 4 43
1223 413 8 55
2319 2379 16 19
1744 2632 10 9
1697 1242 19 61
1385 2506 10 57
1133 3504 10 50
240 3098 14 57
3301 1254 9 20
1592 2132 16 7
1426 98 10 45
2350 958 19 63
2782 1726 15 49
2220 3041 12 55
1047 3351 17 54
2821 2613 20 51
75 3225 20 6
2337 2676 13 45
1014 1849 11 49
1631 1836 2 48
394 1739 13 14
3118 2893 13 16
2597 2730 5 13
3449 1326 5 39
1497 1295 14 34
3461 875 6 18
2924 2734 15 28
1593 1659 2 57
1490 1817 19 20
2179 3405 20 27
2598 3404 19 12
2083 718 4 58
2440 1437 14 2
2620 843 6 35
3358 1736 13 19
1849 276 16 5
3101 1787 16 41
1436 2359 4 9
3552 2118 15 34
2214 2629 15 51
1452 2570 12 2
1491 1404 18 14
3422 3308 12 32
2640 437 10 31
2324 233 11 51
1688 2376 7 5
105 2187 18 62
12 2923 8 51
2929 1457 5 24
1839 845 10 25
1647 3017 16 55
2377 245 6 53
1654 1717 1 31
829 2278 17 40
2100 709 12 50
814 1890 17 11
534 1950 15 26
1660 2202 2 56
1634 2656 9 32
512 559 10 1
2085 329 14 7
2087 581 17 21
589 3541 14 59
2476 1880 2 43
3305 1175 8 26
1679 3594 6 61
2011 1108 15 7
741 3542 9 52
226 390 12 50
2582 2812 3 11
2244 2985 6 26
2087 1428 13 49
1086 977 19 17
2304 1719 13 59
2575 585 20 3
954 1282 14 63
2623 228 5 48
1313 3180 7 32
192 3152 17 28
2224 1116 5 2
1527 517 3 20
355 2983 12 26
3022 3381 18 3
1524 541 12 40
1698 343 13 25
2937 1945 9 53
842 2099 14 20
3243 756 16 48
3286 2716 1 61
480 3259 12 24
2866 1023 11 46
457 940 19 31
1585 2573 3 56
1195 924 11 54
984 2844 17 27
925 1614 1 27
1080 3008 19 18
3305 452 3 42
2078 877 15 18
545 206 2 37
1324 2534 2 24
1314 3133 17 11
810 1855 8 51
26 178 12 40
3294 2783 13 5
3339 3152 10 11
511 893 1 7
1477 1845 2 37
2792 2339 9 33
1668 2160 4 54
1709 1408 7 30
3362 2442 17 24
1102 2670 7 40
1925 3278 19 35
3067 505 9 62
1765 3260 10 7
3102 1661 15 52
962 2292 15 9
2410 1850 18 54
1360 501 10 33
2919 2951 10 55
1554 1365 3 50
2940 809 8 60
989 1195 20 59
2783 561 2 54
2729 687 19 28
1100 948 20 48
715 805 10 9
3252 2233 14 36
1386 2228 7 56
1626 3061 10 7
1972 577 16 32
2274 391 2 44
1413 3578 13 33
84 1197 18 43
1838 77 16 6
1808 1432 14 63
2109 1846 2 16
3309 2340 15 31
661 2284 16 20
1351 2338 19 63
3598 186 18 63
1201 3340 11 60
1533 3442 16 6
2130 2630 18 2
2816 1886 15 43
2183 1172 11 16
2616 576 6 32
34 3525 19 6
1975 3027 1 63
164 1837 17 25
3427 2254 16 29
3189 2033 20 50
2544 896 12 44
2157 2292 2 48
680 3350 13 54
2117 219 12 18
1713 13 2 15
3222 910 14 50
2506 1657 6 36
2520 2998 3 25
1464 1488 8 46
3153 1326 10 48
889 3369 1 22
632 655 4 22
1161 2440 9 55
976 2956 20 56
3138 1886 7 62
161 1875 2 59
1724 2991 12 32
1906 1569 19 44
2367 1553 13 43
499 167 17 18
3503 3015 4 4
2181 2446 13 21
2192 120 2 60
3021 418 4 53
1721 2198 8 57
2950 1795 18 23
137 2417 18 24
2957 1261 8 3
3230 2110 9 15
29 3595 12 7
2153 3359 7 42
948 402 5 56
982 2439 7 5
1354 3503 20 47
3566 1729 17 8
3269 3379 18 32
35 2233 14 18
690 341 8 4
2288 2657 19 46
3065 1016 3 13
1130 2539 7 63
1083 706 17 10
3257 713 9 11
1903 1222 1 28
560 2005 14 22
2048 246 3 37
2285 1811 16 13
1572 1102 3 17
3201 2347 7 3
133 3162 7 1
121 1894 5 49
390 880 20 12
3509 64 4 23
3119 2257 1 16
1558 302 1 35
178 1963 8 60
3048 1754 7 56
2510 1634 11 19
2605 2550 17 26
1354 163 15 54
2572 219 3 46
1430 3170 8 38
2279 3220 12 41
1764 1899 18 22
1592 899 15 27
2971 2361 15 1
3227 2966 8 57
2203 2455 12 30
639 300 10 41
3477 822 2 8
1587 2446 10 26
846 2658 3 59
2838 2869 2 44
397 1729 16 46
3320 1703 6 33
2292 659 6 11
865 2509 5 61
3262 1099 16 13
719 254 3 55
1312 2055 9 49
1790 1617 7 53
861 262 12 9
1269 3407 11 56
1814 667 6 47
1313 3053 16 3
1731 905 1 56
1689 2871 17 10
18 2520 6 36
2930 2578 12 45
1180 2131 6 48
490 498 6 22
1529 142 17 3
1853 2795 20 41
1041 925 10 1
61 851 12 25
2746 1095 14 56
1499 3310 18 47
2209 2433 3 44
21 82 16 38
2281 1385 12 15
335 15 13 41
2096 914 1 53
1575 54 9 24
3516 1184 16 50
3256 2183 9 15
1171 1854 11 13
3517 3097 7 31
3434 1450 9 52
1752 2714 10 26
1729 847 1 47
761 1858 4 30
2266 1140 8 25
330 1823 8 43
225 1123 10 61
2173 3166 16 60
2488 532 13 42
3159 601 7 30
1040 3516 5 8
2212 1192 12 50
1126 696 2 46
3025 2037 3 24
3514 1322 3 60
3074 3096 19 53
735 1657 5 44
2148 1708 19 44
3553 2890 18 8
1257 1672 6 52
799 1553 15 27
2774 3098 11 54
2520 2641 6 54
1602 1187 11 54
1143 859 17 8
1492 1428 15 37
2106 1295 16 19
2179 1696 3 38
2345 689 20 56
2227 1201 8 52
466 2004 3 3
2272 3030 1 37
1348 267 3 22
3072 165 5 51
865 857 8 20
1927 315 11 50
2253 3491 3 26
1111 2094 3 11
2499 1748 6 18
917 2237 2 16
914 861 11 20
933 675 6 28
2324 1582 18 7
32 991 15 59
2311 1838 11 11
187 1736 4 62
749 1906 14 54
291 2911 14 46
721 2068 18 19
138 3315 15 40
2961 1106 12 22
3031 1601 18 22
3525 1758 20 54
1252 3163 7 5
1529 3235 6 12
3522 1669 6 19
2852 2498 15 17
1844 2552 1 32
1096 2010 14 25
238 371 11 48
2231 2302 11 12
1690 1390 11 40
585 2590 9 9
575 307 14 15
726 1331 18 28
487 2696 16 17
1229 881 7 1
77 2268 6 57
1186 908 6 38
1994 2441 8 35
926 773 5 11
2391 1798 6 2
2593 980 2 28
3126 1889 19 42
720 1448 9 47
348 662 19 63
65 2639 15 55
2839 1115 7 58
3155 2251 2 53
2566 3475 18 20
3155 1225 11 25
932 604 8 48
249 1457 9 15
1510 1272 1 51
2101 2448 6 5
2656 2319 5 12
3510 1536 16 4
427 1144 6 42
1632 1223 19 19
1467 1877 10 12
90 2747 18 57
2677 2442 14 28
280 1384 19 11
1085 1360 5 7
3178 2437 2 18
1729 326 16 59
2532 322 16 47
2039 3050 9 37
174 262 7 49
468 8 5 40
1556 2231 1 11
1735 2071 10 14
1926 2985 16 10
2524 2746 13 21
1889 1687 16 15
3358 3364 9 32
3132 451 19 14
1539 3158 5 27
2636 3403 6 51
327 1552 15 60
691 3475 7 1
2584 2960 20 58
2913 2470 6 51
964 770 15 29
2333 1736 16 2
3397 3249 15 16
2609 520 13 9
277 1169 20 44
2033 3289 19 53
1668 1273 10 12
104 1483 11 11
946 12 7 25
2558 2611 10 2
2853 2283 10 1
736 1919 7 14
2677 2263 7 8
2941 2973 7 10
764 2792 5 34
1730 2552 18 3
731 1903 6 10
159 3068 9 51
797 364 15 17
1084 2066 15 43
3491 2379 18 39
2649 2267 18 19
674 2114 6 17
219 2496 20 17
1936 1651 12 41
1155 1345 13 57
2152 1392 8 49
3266 1163 10 28
856 1246 7 63
1243 97 10 25
2227 2245 3 62
65 2659 16 29
1079 2187 6 45
2591 1528 18 30
782 1043 13 35
1688 2900 8 14
1434 2652 19 17
2480 2027 12 47
2646 1560 12 27
1311 1048 10 29
570 1232 9 26
2032 1234 11 9
1543 526 14 13
2565 2430 15 29
3016 2821 4 17
1141 66 16 3
1584 620 20 9
2784 2283 13 62
1880 1138 7 41
1654 3525 10 29
2957 420 6 37
41 2923 2 50
1218 586 14 5
1591 2929 9 44
3228 1027 16 34
1213 944 17 20
2948 610 14 1
2689 1661 20 36
540 340 10 62
1435 2755 6 19
3273 1708 18 12
2708 890 13 11
797 2882 18 61
914 443 18 4
266 148 9 17
2412 3532 6 56
3168 3007 1 40
1236 938 11 14
2679 980 3 28
324 2604 4 17
2530 874 10 47
2169 1887 14 38
3485 1707 11 12
2120 1437 17 13
2534 1126 3 19
3429 3278 12 58
518 83 16 26
27 986 19 22
3168 1209 17 9
652 2011 2 24
3597 2778 3 41
1874 2391 17 56
2330 2160 2 26
3548 2245 7 61
452 2896 16 45
2926 2116 18 9
1908 472 1 42
2436 2862 17 17
1993 974 15 37
3293 3031 8 39
3084 2446 11 39
692 3506 20 16
1719 2538 9 54
189 845 11 50
957 3434 4 32
2116 313 3 54
60 3457 18 33
2397 3578 2 38
258 3483 20 58
3050 1107 10 3
3164 3397 10 12
85 2727 8 61
680 2559 10 48
1026 50 13 6
1929 2556 17 25
1940 2772 5 34
2129 276 8 37
1740 305 9 39
2098 2512 1 20
3246 757 1 25
2223 1405 1 5
3069 614 18 51
513 2349 19 56
3069 1475 18 47
1820 2666 12 53
1525 2624 10 27
571 3020 10 20
893 1536 14 14
391 3334 14 46
1246 62 3 52
3053 62 14 47
1783 399 1 61
3595 3356 18 9
1544 700 7 39
1088 1132 15 60
1245 669 13 55
2899 760 13 44
2710 2731 5 8
2051 773 7 6
428 2905 12 10
1383 1084 12 43
1110 1322 13 27
599 2080 4 63
2206 2301 17 6
2065 2780 17 58
2913 3336 12 43
3184 739 12 10
563 2413 7 37
785 866 18 50
1259 669 3 63
3008 2487 16 20
1797 1100 19 18
861 651 3 13
108 3120 5 55
1272 3529 18 22
1659 1250 11 40
3003 87 15 62
128 3304 14 11
572 2587 9 24
1237 2313 17 32
1777 1696 2 14
1621 1613 16 41
3354 2520 7 22
1666 134 15 38
1259 2727 6 60
219 3184 20 15
952 922 17 52
2500 2815 12 6
2317 759 11 49
646 1801 17 21
3306 2309 4 51
529 292 4 18
1224 480 6 28
3190 1732 14 47
3196 872 18 42
828 2840 5 24
1523 3469 10 32
496 469 1 59
1776 2621 11 43
260 3552 2 10
2319 1260 7 36
1716 2657 9 31
235 1278 7 28
2450 1779 6 24
2543 2531 3 4
2749 854 12 33
449 3011 5 17
2317 1523 20 24
1713 507 16 25
2737 2339 2 11
2268 3508 18 2
3402 3124 5 4
3297 2635 7 46
785 1177 8 53
493 19 10 46
1313 548 16 33
6 133 13 17
3304 171 19 12
2141 928 8 44
1222 336 16 49
635 447 8 27
2412 3357 15 12
2959 3039 7 10
438 2673 5 2
2969 3092 1 42
860 3213 5 62
2664 1546 3 36
2410 3473 13 44
3358 2959 17 27
1783 2280 12 34
288 3506 1 43
1947 2951 14 52
3599 1222 3 13
1663 2895 9 54
1867 3094 6 45
120 1584 3 19
99 2289 6 13
3592 166 7 51
3318 1374 20 18
220 929 4 6
744 1807 1 8
1730 1755 1 14
682 1146 18 24
3530 3135 19 44
2772 2889 16 15
221 1091 1 47
1787 2121 12 61
1171 195 16 33
3503 3566 14 32
3098 978 2 12
1278 3110 17 23
1372 3039 3 1
1990 1736 14 25
2706 2315 8 37
3094 934 2 52
1762 346 16 34
369 202 9 34
2410 2155 14 23
1410 3191 10 41
838 2936 12 43
854 2901 19 36
2226 2569 8 45
3573 3314 18 59
1130 2728 17 14
2988 1802 10 34
3278 2454 6 23
2216 296 17 7
3087 3172 11 1
2112 635 6 22
3313 903 3 35
2189 2010 17 44
271 654 8 2
1076 2372 9 48
2055 1156 2 1
652 2906 15 44
125 2450 20 19
595 3448 1 25
1139 145 10 36
1664 892 7 46
2468 2509 11 12
494 1540 19 31
98 2199 1 51
1493 2974 15 41
1615 656 16 11
2064 3032 17 29
2331 1851 8 31
3386 1660 15 6
2446 3323 17 34
176 2358 19 45
415 1709 13 49
1693 2395 2 25
1536 2832 3 17
3439 1914 8 27
665 826 12 27
2696 493 13 7
2551 1649 2 1
2910 1 3 40
1177 1655 11 49
1307 1678 8 41
1020 3083 18 26
1708 3396 15 54
1316 152 1 59
3409 3280 6 27
306 2366 5 1
2829 162 13 18
3174 720 5 10
615 3437 12 57
972 834 1 14
3481 3169 7 29
3452 1402 12 18
619 1832 3 59
3195 3395 7 57
1084 277 2 10
3175 713 13 61
774 3339 4 42
2290 2901 15 3
162 1758 15 50
1648 383 20 20
2237 496 3 41
1955 1842 3 28
858 3368 8 21
172 2080 4 13
690 1818 5 36
2402 213 15 32
3588 1642 8 44
1244 3366 20 4
3323 1888 8 3
117 784 10 21
638 1503 5 30
2999 3492 10 61
1590 134 2 16
3305 3436 5 29
1013 1797 13 24
237 2109 1 39
2633 515 15 32
3025 14 12 45
2188 2465 2 3
757 2866 3 51
1107 2106 2 11
1223 1709 17 54
1574 2207 1 17
37 2843 10 34
822 180 17 50
1534 110 16 9
3222 3325 9 63
2753 2314 12 30
3206 160 18 50
3467 1785 15 34
2068 3478 7 6
1055 3331 5 58
973 2575 13 58
1448 1374 6 50
2573 1728 9 28
258 1964 10 40
3344 915 14 26
1477 2511 17 13
3575 1738 18 14
1136 1194 11 3
3357 3579 9 34
1385 2311 18 43
1211 1856 7 13
3108 548 20 57
25 282 16 35
898 1109 10 50
1222 803 16 12
799 3183 17 60
1350 1777 15 40
2883 1422 4 34
385 3053 5 32
1946 2764 8 55
1816 780 16 57
1284 1305 17 4
2793 351 5 60
1254 100 10 31
2257 52 18 59
3380 366 9 39
1726 3211 17 5
2491 1542 7 35
3591 3029 17 30
3239 1510 18 48
506 3445 17 30
1712 2328 5 55
3447 3470 11 37
1232 543 2 23
2274 1835 2 7
2024 922 16 53
210 1118 6 57
1497 1444 17 60
523 1928 5 24
375 2236 18 30
3309 2623 4 41
2705 939 3 17
1002 1359 9 55
125 1437 20 17
250 1542 4 14
1793 806 15 15
246 3295 7 58
1192 2490 9 43
1878 2590 20 49
24 1434 1 8
3358 655 17 44
19 3326 18 30
3557 681 15 16
1583 3213 8 15
2809 2823 15 47
1003 2231 1 8
3562 979 9 22
3146 2118 19 3
1799 1192 9 63
2677 1761 6 54
1543 3545 17 11
336 761 3 12
2024 2429 2 44
1470 3223 1 63
3166 906 1 53
3396 3138 12 52
504 1297 6 60
1079 2844 16 32
1063 2550 9 47
968 1292 8 23
927 1281 12 9
1655 3088 5 37
2977 2914 2 24
1125 3594 7 3
2552 2002 11 48
116 1418 16 38
2214 77 12 62
432 371 8 53
3434 262 8 32
2757 2715 19 54
3432 1008 14 2
3062 3516 18 1
2196 1537 15 3
3557 1420 3 7
1355 3119 8 15
1589 732 12 58
587 1188 11 61
484 1189 7 41
1487 1375 7 57
2482 969 11 38
3592 1838 17 26
3599 531 11 43
2700 830 13 62
3482 1554 14 54
3407 2143 7 56
1802 2958 14 50
866 2992 11 1
1750 3121 6 39
3302 1864 5 54
1474 39 2 3
1189 3336 12 57
3501 146 15 52
3359 2096 2 22
2909 436 9 10
196 614 6 35
1946 1030 19 55
983 2297 13 31
2808 3035 1 49
1325 164 7 24
2966 3341 10 16
1761 1769 10 31
1555 2735 19 62
1363 381 9 56
1687 1151 6 13
2733 3105 1 6
37 1446 7 24
1484 792 13 9
2690 2317 4 42
1059 2499 14 4
3541 1175 8 25
2482 2522 19 21
1370 438 6 32
3344 1425 16 30
1720 143 17 34
2109 851 10 57
2200 3251 1 59
3510 1805 4 57
3108 662 6 29
2516 1811 4 56
1476 228 13 39
903 1604 4 36
696 1085 2 50
837 1109 12 19
117 1315 2 60
1559 3449 17 59
3258 1193 13 59
2341 474 15 3
3440 436 16 62
1044 194 13 19
2670 1967 5 23
2395 2151 10 33
3325 1696 6 38
263 2963 2 18
667 2903 20 49
1320 1154 9 3
2854 223 12 6
476 3044 16 38
1481 116 17 41
1988 2053 1 40
991 3161 8 53
2812 372 10 29
1553 1113 7 11
947 3539 7 26
494 1877 8 11
599 1006 15 41
306 615 15 20
2910 2188 10 47
730 2791 12 57
1644 2978 19 13
1515 1460 15 60
2688 117 3 11
2476 1415 10 9
2810 3188 4 13
168 1893 7 42
723 319 11 30
938 2682 10 59
864 2755 19 29
2517 75 19 38
472 720 2 6
600 2141 9 54
2597 2129 11 32
3418 2930 7 13
831 1553 3 25
2507 2140 9 13
1032 425 8 12
2088 760 7 12
1217 2349 12 56
1330 887 16 58
3348 1259 19 61
259 676 9 58
3214 1046 14 50
3047 1998 10 51
1824 741 1 41
1873 2729 18 22
1273 1872 10 26
2473 1701 9 39
2009 1102 3 53
2558 172 1 33
1808 31 15 37
3173 1202 12 44
2239 2782 5 39
3517 857 18 14
2339 246 14 51
3579 674 4 3
527 1615 10 38
1538 158 17 33
211 2899 6 41
3583 2750 6 22
1435 1677 6 12
1302 2997 8 20
3119 3090 17 30
1640 458 17 38
3302 1453 16 29
1304 1370 3 21
2323 2254 6 8
1309 1121 9 14
2489 193 17 53
1599 2671 18 17
1496 2577 1 42
322 3583 13 7
2118 89 3 56
2859 3170 16 38
683 699 7 25
75 906 9 60
993 842 6 14
2272 1057 8 56
2262 2109 20 15
2410 1680 7 29
601 2370 15 11
206 1985 14 31
3073 1783 6 23
2181 595 10 61
1739 1221 10 12
2677 1059 4 14
357 2970 13 43
3290 916 9 7
2878 3159 10 2
3422 624 1 29
3224 3259 5 11
3558 3586 7 32
2816 172 6 61
1036 3021 18 18
2193 3221 8 42
3204 1700 1 21
1328 112 14 59
689 2098 12 54
2001 2633 12 22
2422 1783 12 62
682 2408 5 45
472 204 12 4
630 2122 3 20
2044 1845 13 5
32 1968 6 8
1641 1688 13 21
829 1546 10 26
1344 201 8 13
1647 1813 17 32
2234 3262 12 15
3312 2719 8 18
1620 3271 18 54
2717 2357 17 19
3344 1498 11 20
1206 655 2 32
1909 1228 13 15
401 168 19 19
3058 651 4 28
2172 1691 16 2
2496 3525 12 26
802 2453 15 62
213 2157 1 1
2224 867 3 13
821 501 1 54
1709 1051 9 5
3591 787 14 25
2177 2848 16 21
1266 1602 18 46
2851 1354 10 63
348 3147 20 59
1414 2616 13 38
1647 275 9 32
3184 561 6 12
2903 603 13 36
721 982 10 55
2357 1496 8 25
1065 3515 4 42
1689 442 3 7
2333 2279 11 59
1963 2599 8 56
1712 96 15 59
1392 2211 13 21
3367 2557 14 60
597 337 16 56
2578 485 11 63
699 440 8 59
2216 902 11 24
1119 2176 6 60
702 2661 8 46
2579 924 15 40
921 1613 9 23
509 1321 5 15
2663 250 1 20
909 457 18 58
2240 2455 12 61
1729 3487 5 1
2990 1896 17 3
2396 2899 14 19
2093 2200 4 50
875 2706 16 55
2077 2158 12 4
2380 3281 13 18
757 462 7 22
932 1933 5 48
955 1807 5 62
240 1656 12 49
2435 199 15 44
1258 3530 16 12
2468 1497 5 43
132 2303 12 5
1157 821 18 42
2457 88 19 9
2491 3426 13 32
3535 1065 9 40
132 1096 14 2
2731 807 5 45
2988 644 15 58
1945 3206 15 20
2457 993 15 57
208 1829 1 38
1583 1471 8 57
922 308 8 45
1001 2925 19 21
3155 1692 17 47
928 1456 2 6
212 3566 19 47
2555 311 2 38
2665 1102 13 39
3404 1438 9 23
377 2459 8 4
2764 1357 20 46
1557 1493 17 23
843 3072 11 11
554 3195 2 3
1690 1457 15 47
2358 1466 16 61
5 2834 11 27
3274 3003 20 21
2615 2010 2 10
6 445 10 1
1166 1999 10 20
1105 2831 17 41
902 1470 16 34
644 1128 2 25
3208 2631 3 15
125 1603 4 4
261 1937 11 47
1147 3495 13 58
2374 594 11 62
2746 411 14 62
1800 421 3 20
2296 787 5 2
3114 835 3 20
565 2830 14 13
1243 2829 11 41
993 199 12 60
725 3346 8 1
3415 604 16 18
852 3567 8 8
1995 763 11 6
3255 3354 10 50
1415 1901 15 11
1048 2534 20 61
2510 1089 12 36
3551 19 1 55
601 2706 20 2
3084 837 13 13
1811 3567 20 25
2966 671 4 59
1093 279 3 62
3098 2416 16 18
30 2189 14 31
1861 129 20 46
493 1322 12 48
1798 1358 7 12
2706 2176 15 60
73 1951 7 36
1373 721 13 34
1759 1183 16 15
1756 2203 4 42
784 908 12 5
1472 2014 6 48
1909 928 19 49
437 233 14 61
2969 1202 11 44
2624 941 16 44
166 1716 4 57
2641 2313 16 6
1259 820 6 2
564 966 13 50
1621 1771 7 52
2070 2911 13 48
295 2080 15 28
1903 2234 11 39
3207 171 6 53
1258 813 13 17
72 2026 6 14
738 922 17 12
2989 1007 20 5
370 74 18 18
1889 227 20 49
1532 1305 11 16
2088 2608 10 34
2936 271 15 62
150 252 9 17
652 1312 9 42
1675 3405 7 52
3360 2378 2 48
640 340 5 27
2811 752 6 9
3534 1073 3 9
3401 3041 17 58
1447 2956 16 34
3190 1343 14 58
1470 3065 1 4
253 384 14 39
1974 649 12 36
2612 2088 2 11
2867 1597 1 51
1623 3272 12 29
2711 404 16 59
736 309 5 1
54 730 3 1
885 1613 18 52
1538 1643 11 3
1255 485 11 26
3571 637 8 9
3537 1531 5 5
3536 2807 19 26
2927 1638 10 57
2953 2301 8 38
767 1197 7 26
1732 1240 7 26
1171 452 7 42
1515 3536 4 5
272 2966 17 15
1297 2566 6 55
1202 3068 19 31
1638 2829 1 28
831 3150 18 30
138 2235 1 17
2697 1701 4 3
2394 109 6 24
1173 1033 1 39
1929 262 3 56
922 309 8 62
40 1989 8 43
879 872 15 40
2798 2763 17 45
1979 155 20 18
2391 591 14 7
46 939 18 18
3445 111 18 15
1605 1575 7 31
2759 3058 10 14
273 3370 11 59
22 999 3 14
1628 2514 9 55
325 3340 18 12
462 3257 18 51
2040 368 9 19
993 3343 17 49
506 2370 6 29
1638 3420 10 14
2290 3509 6 29
3380 748 15 55
2241 50 19 47
778 1827 17 35
898 639 14 41
1324 1762 20 61
1314 2399 14 1
1764 1187 13 61
1123 220 1 4
1722 1961 17 17
2715 95 12 47
2919 1071 7 11
2664 3421 19 40
234 2112 11 50
3272 2498 5 7
2781 2582 1 4
1703 1996 10 4
2373 2416 15 29
3436 1035 7 51
2444 3550 1 56
2462 910 13 49
2915 1489 3 55
744 726 6 15
197 1441 8 33
3259 1776 9 5
1511 124 1 53
423 1384 2 57
575 337 7 8
845 878 20 31
2604 2666 9 16
2859 404 20 2
2315 3579 14 49
1858 3103 13 3
1389 645 9 54
2258 547 17 20
77 3591 12 40
1502 587 20 8
2119 1411 20 2
1403 803 6 18
3225 3134 5 45
2150 50 16 49
1538 674 20 16
1189 1030 15 24
1352 495 8 29
878 337 6 14
464 97 11 4
3061 3370 16 49
2413 2786 11 10
559 3355 15 17
374 707 15 53
548 2335 5 37
954 3286 6 44
503 2344 16 23
1733 2246 20 60
1706 3170 11 5
