1 1594 3299 8631 9561 4316 333 
1 687 1800 6770 6048 283 333
1 1486 5235 229 3328 99 333 
1 1594 3299 5459 1927 7273 2534 333
1 5159 4981 6907 3550 798 2094 333 
1 5159 2842 4738 8908 3816 2094 333 
1 5159 2842 2636 9381 1747 2534 333 
1 8121 7316 8438 7927 5142 2094 333 
1 4417 3639 2624 4204 9042 4316 333 
1 4545 4017 9602 4867 9532 2094 333 
1 4545 2615 7504 3474 3328 99 333 
1 1486 1414 2556 1203 2720 4316 333 
1 8121 7725 4900 9374 6919 7297 5220 333 
1 8121 1063 9788 2586 4667 4007 5220 333 
1 687 1800 9453 3242 2729 989 5220 333 
1 687 8062 3549 2971 4618 2867 8617 333 